corresponding_gene_call	D100_OUT	D11_OUT	D17_OUT	D26_OUT	D27_OUT	D2_OUT	D32_OUT	D34_OUT	D36_OUT	D40_OUT	D42_OUT	D60_OUT	D65_OUT	D71_OUT	D7_OUT	D85_OUT	D87_OUT	D88_OUT	D92_OUT
22282		0.0011745119449352625	0.00017081070392929655	0.00029896553220080035		0.001421989042991058			0.00030692078640361423								0.001446719136472274		0.002417813536151006
22283																			
22284																			
22285		0.00033947370909484227	3.187565671964839e-05	0.00015102495125266454		0.0002914763453543411	0.0003081813506016093	4.162521489017216e-06	0.0003102199173770905								0.0006203912369767106		0.0006939406755938161
22286		0.0003168340461703524	0.0005560860206179385	0.0003165080207320072		0.0005460060289366883	0.0010203932500939532	2.4321545003368864e-05	0.0003299764116272244							0.0003207590432023735	0.000370315801519694		0.0008835062320250048
22287		0.00285359187632986	0.0016268127609086077	0.0001902222359542411		0.0026789195632426935			0.0026893626966422407								0.002162030148028042		0.0037188960083858885
22288									0.0003309809685289756								0.0019052087608911945		
22289																	0.0015502448782032494		
22290																			
22291									2.0478885653463497e-05								0.000312108464762318		
22292		0.00022034031621900258	7.352254975738299e-05	0.0004473778410520022		0.00022511540298392226			0.0005951821800144012								0.000721425825523929		0.0003842320074354445
22293						0.0010069817400644475			0.0014794648680919334								0.0014066880544721233		
22294		0.0005921621729832642				0.0006541706437441249			0.00081257383718579										
22295																			
22296						0.0009594632209669476			0.0017329494609226144								0.0005305009528350028		0.0003470516218551725
22297									0.00025847158453099595								0.0022784319713295537		
22298																			
51997	0.0002676524473340738	0.0018531055892374714	0.0010699383156674259	0.0002875117204385499	0.00023402705786819598	0.0014447131444082673			0.002352413718167969	0.00016457092871325024							0.0017255860264751217		0.002752011365262523
51998		0.0010844481912006634	0.0006928574097330405			0.0010495868102290353			0.00039901172142728066								0.0018515299443219485		0.0021508759676934037
51999	0.0010340062584406088	0.0013688905800582018	0.0014537971090743582	0.0013631230293435		0.0027467539238279054	0.003578948011820204	0.0009392468714640357	0.0010753022055581744						0.001561515103378682		0.003226243738771014		0.00400142818708349
52000																			
52001		0.0005431646010801189	0.0005612596818637997	0.00047893289426571557		0.0006177263439930778			0.0007235022909920264								0.0011192841776679415		6.828618043089776e-05
52002		0.0008306587528508692	0.00031221325064426754			0.0006008006867692476			0.0008937443680544597								0.00048816521030923014		0.0012060636218670505
52003		0.003418064209980514	0.0029445647654559514	0.0043468255992966205		0.003709811088656515	0.004363571320229085	0.0027570891613165898	0.0034572547551660012								0.0022620608921102596		
52004																			
52005		0.0018799574817285735	0.00047547885422525123	0.00293535076656337		0.002541973252475155	0.004674007179638823	0.0003136433208898317	0.003091279005029571								0.003533992955480906		0.005232860825489342
52006																			
52007									0.0006795594463498021	0.0035897250028050177			0.0077535058144141125	0.0030479695421395925					
52008		0.00018511702878270988							0.0013188882597822758								0.0020533970881393775		
52009		0.0007473806416617481	0.001910351416636846			0.0014470006529096083			0.0007134679410534966								0.0006069545931998069		0.0006084558889741358
52010		0.0010940675893110962	0.002177853904692103	0.003220400119648796		0.002436485440164509			0.0017289090617733586								0.001704822074511703		0.0014314688688778227
52011																			
52012		0.0005927186163402561	6.04113114033123e-05	0.001844390568343657		0.001390820955001622		0.0007180339789035416	0.000885670120535691								0.00018718088246762326		0.0004649758573487936
52013		0.0025709657578438226	0.0005844803497639689	0.0009563602812011974		0.0015338873989905319		0.0004022394607537995	0.0016257813664427015								0.0006296088981730372		0.0020532162512987453
52014		0.0010217116822759107	0.0019576839775204344	0.0022025524881985137		0.0014188940557368275			0.0005748614318995584								0.0008086347401366023		0.000624922753676924
52015		0.0019880498417538233		0.0015406528480249547					0.0009475996028636076						0.0024915898550848764				
52016		0.0011415964858310027	0.0005587622804285055	0.000535176601656373		0.0004231060631457544		0.0008431082884888238	0.001175939471747485								0.0003459741713228332		0.0002933850556504305
52017		0.0012275692466151718	0.00028415242999385045	0.0005867840344150044		0.000226017838624401	2.8216185394861313e-05	0.0003572658419807968	0.0006649862320320369								0.0005632469131854543		0.0004610798508118661
52018		0.00852205311519554		0.001430626598465474		0.006946179920175712			0.00537685736265287								0.0033283099469094183		0.004367044366246283
52019		0.006554987524772076																	
52020		0.0022135222363327788							0.001328289742050751										
71429																			
71430		0.0010244304949759344	0.000195509007983019	0.0008189808693580794		0.0014050188083861257		8.702917217851378e-06	0.002289459769098126			0.0003444433794987283					0.0009621126551603675		0.001499295975681572
71431		0.0002518672677808748				0.0008197912600517983			0.0007782721269905485										5.17561574604979e-05
71432		0.0014013024640315353	0.002845895503359065	0.001280940861975626		0.0023963661296040125			0.0027100233869675507								0.0003253868520050468		
71433		0.0004781063696527572	0.00043077457964172777			0.000516104306374569			0.0038393270695882176								0.0017065067022301503		0.0012025421019401165
71434		0.0026682983919993613				0.0029693123118073716			0.0016135013512422049								0.0006260611408476357		
71435		0.0016727626674724982				0.0013744987031775128			0.002340976564796276										
71436						0.0007905122172251773			0.005723182495804953								0.0009454354704148437		
71437		0.004390433542824647		0.00195655170082356		0.0029735472915061356			0.007547295171432082								0.0007873909919143256		0.0029646829222571237
71438		0.001314196667378377																	
74891		0.003929634399510188				0.0029350455228149674			0.002465845629250071										
74892		0.0002242509810914489	0.000776963357766036	0.0008561849638489966		0.0013287805272572382			0.0007175327793852853										0.0011381038946730567
74893		0.0006296909533512354		0.0018965535021925794		0.0024668864050002757			0.002812800686775577								0.0013836963353986965		0.0004821377147098831
74894				0.0011321167270168812		0.0019079735973794557			0.002980642642686034								0.0014057028758358689		
74895									0.00010850687711177704										
74896									0.0016645281597312362										
74897									0.0006465144398774705								0.001229457614654109		
74898		0.0016724761819784043	0.0031389042741880534			0.0010294235069328063			0.008014029362729984								0.0018571084495384806		0.0006424491836113659
74899		0.0010572876683861998		0.0009896683721855666		0.001448760744668963			0.0013444765561889064								0.0019144826736355695		0.00033771682899070345
74900	0.009133895537893162	0.006574918247342757	0.012215996864685092	0.00472485869998039	0.0071222944074593765	0.008032996903428801				0.006187206635057526					0.00550980261364349				0.01146875417454002
87484																			
87485	0.0007868041183498028	0.0016354349714214481	0.0012450001037630182	0.0007990405001210888	0.000868081666525571	0.001706706461471668	0.00013856498682763383	0.00010037854339729166	0.0029711044444045067	0.0006340470151580859	0.0006367904025036991	0.0009794927553999923		0.00024198434025026743	0.0008104148992046241	0.001077037527671221	0.002123325980238498	0.001013296320951842	0.0020381580286575906
113732		0.0010152244049035182		0.0009381116598688266		0.0029779976601157325	0.00030229068351925376		0.0035581120603926657								0.0018925965684959537		0.0008016690072553074
113733									0.0009022591247989994								9.175249648148177e-05		
113734		0.00048764040945503836				0.000331257351611031	1.1447235874110925e-05		0.00103281598328492								0.0011331832546407814		0.0006230132798741787
113735		0.002412899614232948				0.002325665361638126			0.0029001048284001798										
113736									0.0019854187464791537								0.00034513424428808654		
113738																			
113739																			
113740																			
113741		4.02602519284013e-05	1.1239237855379215e-05			0.0001845238530384453			0.0007692221152185816										4.38462322830632e-05
113742									0.0012617915106896526										
129051		0.0028579773638124787	0.0014963163908898259	0.0007384668142301106		0.0016493351619719509			0.003964020052545992								0.0018638910876872165		0.00129877946279595
129052		0.002700595519468899		0.003383812918248012		0.0016049635101177413	0.00015339207457434016		0.0031410037151950072								0.0023367775170884905		0.00222291445882148
129053		0.0013746279177783874	0.00021298858417508873	0.0003693630871011687		0.00057920852434647	1.2990555865885454e-05	0.0003954800850213268	0.0007563004995421091					0.00023096867114193265			0.0013955402095034545		0.0024630643315137614
129054			0.0001523308047798974						0.00047496109053887006								0.001794378489457786		0.0017592642119287154
129055																			
129056		0.004984810334152405	0.00028375435436876816	0.0007621917316111999		0.0015457971712194904		0.0002695655582425794	0.0024054859552332737								0.0013701981556262415		0.0032445047975455453
129057		0.0008151943552510942		0.00044046874125956465					0.00019978731403419968								0.0017865396042148654		0.00167332433636977
129058		0.003213374980173857				0.000801382209540623			0.0012981074776288043								0.0029928156435891917		0.0021188916866693545
129059		0.0013912668725916564	0.00012954481070671895	0.000653023303456732		0.00020935276027678434	0.00020065037860768993		0.00047316885972446067								0.0026694899855282395		0.001700784885780922
129060		0.0024100948967421968	0.0020947705746823257			0.001633105244320331			0.0007779758557441949								0.005085811781575341		0.003156916843100716
129061																	0.0024705763025772614		
129062		0.0002857783208197589															5.0348037182848854e-05		
129063		0.003892349469567706	0.0002659413125722303	0.0005994503634641436		0.002527069851315057			0.0018543285857839144								0.0014380260707693127		0.0018396245588358315
129064		0.001836980616618668	0.0014129920134627158	0.0023053115621855186		0.0007419393184923099		0.0009999712509062145	0.0008572541751530836								0.000986830479879763		0.0009631663365734255
129065		0.0031720291855415906	0.0038801342544214443	0.006635245566579115		0.0014473289486097573		0.007484621828329541	0.0024855427485500144										0.002099470930038553
250475																			
250476	0.0017817353331890703	0.003320929045367467	0.0017141351369315857	0.0012222254555265136	0.0016961995384925728	0.0006887042054581277	0.0012466698834253357	0.0012774352319270118	0.0011576132043887768	0.00044324863351139					0.0017743342249411755	0.0002794596927462102	0.0009815058524184086	0.00039740250875695105	0.0005431977641456312
250477		0.001132054243224555							0.0017682225273338852								0.0004707991059494657		
250478		0.0009432812581898016	0.0004071218995586606	0.0009280421820094655		0.0012827467363778137			0.0016958894766271513								0.0009108355290239054		0.0005490026464027728
250479		0.002681354377248251	0.007470185934986159	0.0035044154214788226					0.0010374562158587102										
250480		0.0007316479456019655							0.0009397407535573062								0.0009110374234930222		
250481		0.0008038834434757499		8.506908377437578e-05		0.0002521610425180688	0.0006613722730583979		0.00045751567277380886								0.0011376442792301864		0.000552627776377533
250482																			
250483																			
258806		0.0031154103632032876	0.003942247929588541	0.001319845276720632		0.0015606057409346258			0.0021639963372280693								0.0008079290654790075		0.0016649095762617948
258807																	0.006914133541263948		
258808																			
258809		0.0012668920153697501	0.0007070216636776136			0.002993575078105439			0.0036273258580257766								0.002745871049375308		0.007330609383255927
258810		0.0010604749542297161	0.0005738287704434611	0.0005288054106943015		0.0016920676978791137			0.0010097322589192631								0.0006945111314439085		0.003935691082923394
258811		2.897939179517892e-05				0.000621168769206603			0.00031959543023322995								0.00097662106827684		0.00015736573149683584
258812		0.0002453012560155769	0.00043120418463892337			0.001761399776965913			0.0008325729199897664								0.0006110201217860011		0.004706790778712338
258813	0.0022658635655460235	0.0009685107109222778		0.0015907977296628437	0.0017591037255331587	0.0005294745524270285	0.0030472425981614387		0.00047178304301369084	0.0013171392078786621					0.0030912917955453305		0.0011600263466300053		
258814																	0.0003801951433569765		
258815		0.003988119861635107	0.0013606469156062135	0.002366403910924539		0.00593446691448073			0.0065703009811985255								0.003812854995975099		0.013133828280306011
258816																			
258817		0.0005942152601550058	0.00038186770461031344	0.002931853546122892		0.0006339130016944166			0.0028360541000001945								0.0011762365014827752		0.0033356825999336097
258818									0.0029445414168828635										
258819									0.004447842974058505										0.005480855138779885
258821																	0.0009194317281862634		
258822						0.005410713743838984			0.0015880322289348998										0.005451106536354646
258823		0.0021301965717956117	0.0023164548873232022	0.0023689626052178702		0.004041419114572649	0.004299771013175811	0.003138308454994082	0.003890155229168153								0.0009756330568167586		0.0057677022798683746
258824		0.0005594040503466647	0.00051405634980812	0.0006083468636921978		0.0003946800400354458	0.0012012728530972961	0.00018179710728253144	0.0007873571071206755								0.00038428364823025205		0.0012217902200469298
258825		0.003182003915229492		0.0014578639275059655		0.002203182907039762	0.0011389319899958229		0.0027068866013487914								0.0008613072394988287		0.0022917874917846894
258826		0.007736430137713533	0.0015352886910856914	0.0005624583702478795		0.0007002645763572945			0.003912346892426508								0.0014791399957330036		0.0006116922183901723
258827		0.006778700709030515		0.0025752516849788746					0.006366602160499465								0.0017191002734655689		
258828		9.30710915808134e-05							0.00010695562814996785										
258829		0.0012097716465480294				1.5752993068683036e-05			0.0020332036375499355										0.0
258830		0.002999509384691196	0.00019269016292116758	0.0004933239488998834		0.0005564547245719636	0.00023350982243051154		0.001959137551102751								0.0011751883282125212		0.0007983183722090849
258831		0.0016432991204431602	0.000306190284459944			0.0013877435497783252											0.0016047690763545848		
258832		0.0024819578454292916	0.0009522872437595597			0.0020792323809026											4.160837365535513e-05		
258833		0.0016270002588599489	0.00030675629703046467			0.0024277078498359493											0.0006744412125883365		0.0039916227662529676
261790		0.0027457772861228876	0.0013408832635882911	0.0002097755401720156		0.0		0.001644971459485716	0.001775644309620872								0.00031317157308346686		
261791		0.001986311098137041	0.002030085751994799					0.00041847041847041814	0.0020459365543961197										
261792																			
261793		0.00939485953562788	0.006748301536429321	0.003554796447942796		0.015982583758985557		0.004700457505099667	0.009912813701321854			0.0027518580710070044					0.003697437401903801		0.011635323839494142
262339		0.010177063056220667	0.003582726076255818	0.0029973205288649474		0.007665393776857415	0.012919130317703299	0.0046188963790737315	0.012687148622945921			0.00702304147465438		0.00804141812574699			0.012518038148126198		0.016815430272710038
262340		0.003224168369344473	0.0014184738821145545	0.0017441430495879523	0.0003656745648976322	0.0023390004800520506			0.003148178698697091	0.00020794479182531593			0.0014399217006150402	0.0017314161640172494	0.0007343079747431858		0.004466658044124052		0.004835029049708475
262341	7.329389517961246e-05	0.0006864121890593729	0.0005041658729829291	0.0003599989429577867		0.0008356304367946385	0.001681311623000402	0.0	0.0005497252805083926						0.000408828349757859		0.0014214088321866435		0.0014969951270450406
262342		0.0007115546638049202							0.0006534636239082987								0.00121048040069013		0.0013677362925709276
262343		0.0004111630641291572		0.0002565776791679594		0.0013637959169194842											0.000745814242521314		
296246																			
296247		0.001044510708774005				0.001511808490325499			0.0008052995396753235								0.0013880419157192324		
296248		0.002244708107918138	0.0017209829033947121	0.0022783342274432677		0.0023013834349510606		0.0020583922015930357	0.001904875148596336										0.004274075281081958
296249																			
296250		0.0003422564890099864	0.0005024014925381406						0.0013455503378302198										0.0005930620046479582
296251									0.0077793081647913355										
296252		0.00041404162933776254																	
296253									0.00035773686820971716								0.0011823957248391413		
296254		0.0015469109347210517	0.002825467868693532	0.0011899961772101478		0.0010781009417413852		0.00045227079979919785	0.0011136500700518212					0.0009323773105441181			0.0021357491133461065		0.0011936845477556353
300972																			
300973		0.0011649458586226805		0.0008219959499158623		0.0011470433666710346			0.0003879806727864557					0.0010465957415601121			0.001114891830506961		0.001637409765128314
300974		0.0021405213540740074		0.0019658141623563516		0.002369784652703674			0.0014209872366807888					0.003434697478189725			0.004987267647908715		0.0026328566751207738
300975	0.000959035754719711	0.003588715109182693	0.000678449608432786		0.0015056749994158479	0.0011928544794849753			0.0017237824571142658	0.0011236616868313793				0.0007271067491011644	0.0023402597402597406		0.002620660348885692		0.0020397661185927404
300976		0.0014284847536093534	0.000900904099165729	0.0012877340730109094		0.001926214389680919	0.0011931143648595205		0.002310216382301395								0.0008879238436335683		0.001376463247054316
300977		0.0018706918082945728	0.0009756578679629976			0.0016319649067499512			0.0018916663520708217								0.0006697631970650889		0.0014918776756562046
300978		0.0017522051296361783				0.0007719580103832475			0.0007342193533962117										0.002652083210440098
300979		0.006389283530869723	0.00024758809031165613			0.005432758236751534	0.00031254644375878484		0.005488153508657599								0.0019136829928038074		0.006904865995610462
323127		0.0023503309757991523	0.002734219582581746	0.0013568885928881259		0.0032055343162749406	0.005488149921596799	0.0023713940088709866	0.003876790592250997								0.0021458608155039026		0.001944731163523696
451861		0.0006043323688935498	0.0011610232704894622			0.0009004434578639544			0.0005438268218596315								0.0004625080477040827		0.0005130089759934421
451862		0.00041971686257379	0.00045972679321486525	0.00016076296317036863		0.00031300861263919234			0.00044319516608666164								0.0003922789906636557		0.0004322736851237449
451863		0.0010927466184604102		0.001953923950420335		0.0011444413916115973			0.001006752774604913						0.0013099419603720837		0.0006556072307132042		
451864		3.477480706325083e-05	1.0835968122838837e-05	4.8814948875177186e-05		0.00012170949390127612		9.604520979852e-06	0.0002472332925321756								0.0011147366497756468		3.436674708158885e-05
451865						0.0012742766628045454			0.0006275928283797722										
451866		0.0011363732640223944				0.002317562313264845			0.0009532558077827014								0.002286803922864242		
451867	0.002025693017709235	0.0056307902423928914		0.004487986015878148		0.005481764127367003			0.004540636414322282						0.003410997248286362		0.004513771174302621		0.006455444897870562
451868		0.0005339485842294141	0.0014204046520108794	0.0019331288064748757		0.0013705770114719354		0.0007602001839696901	0.001964952035011933								0.0029652719106960214		0.0003809881869938836
451869									0.0009575423687749823								0.0002545239880540902		
451870						0.0001899314170326919			0.00027378952126269444								0.0006482377097060343		
451871																			
451872																	0.0009075904523041529		
451873																			
451874						0.001102404861633688			0.0018351225589426153								0.0004060951202159487		0.0014417962453876156
451875																			
451876									0.0007408721841175877								0.005831076214379291		
451877		0.002320082009359465	0.0005117027028467603	0.003021850004893022		0.002034968558848449	0.00018046644586100095		0.0013081407099198032								0.0012260127673517228		0.0004756271511540177
451878		0.002535523728443805	0.0017504086007553003			0.000711584513339166			0.0026637250040735866								0.0013349359101116904		0.0015186164510826836
451879		0.0026030765711953343	0.001301442147376079	0.002336069413415261		0.0015712694963521574			0.002725568908540386								0.0003380798788244577		0.0017657971493221557
451880	0.0002114321466723465	0.0011561207565086269	0.00027940497826053987	0.0008877121930425802	0.00027692591191667506	0.0004649972213922551	0.00024721034555847174	0.00024942381483951387	0.000535255401235786					0.00031302871920310237	0.0006018372095382664	0.00029264272222129126	0.0019928505647930344	0.00021882870521016138	0.0003854614689370526
451881		0.0004068159340166845		0.0002500747211580342													0.0011148659639539102		
451882																			
451883																			
451884																			
451885		0.0020723475701536634				0.0025231275335476063			0.00025084345144681824								0.0009906827667530743		0.002265093943393928
451886		0.0020037347179978097		0.0016773841556549701		0.001143456845247955			0.0013168896621670368										0.00025093554018746625
451887		0.0009384275084327015	0.00020369525388747104						0.0011346669486071133								0.0009855077059603844		0.0003797820151113114
451888		0.00012707229219846979				0.00019855089363660043			0.0004926437745073205								0.0004243750276669532		0.0003851294623092324
451889		0.001218320680945943	0.00014096760809226012	0.0007115591347627309		0.0009944509864984788	0.0006369734111856371	0.0001187055824281563	0.002310868386603338								0.00046411913718744823		0.0015843326622593922
451890		0.0012561323020736522							0.004105591634210568								0.0009305167171175847		0.0031012325000779714
462442		0.0004828514436197346		0.0005840340504336218		0.0007909117054932435			0.0003164686132769947								0.0013679627335041204		0.00019872655226408517
462443		0.0004009709056748646		0.0009223464455298925		0.000775540067930669			0.00022701984583227674								0.00047299426745250504		0.00021859026096314273
462444		0.0016176833484837089	0.000620158526513698	0.003973612827192447		0.0026939929059329884			0.0025412538189330735								0.0016303651195880384		0.0019232109319700429
462445		0.0019438158118565627	0.001049093617948283	0.0032966487667370533		0.0016796859245107772		0.0004201092283993833	0.002074814074141457								0.0012043958317913626		0.0010037619246451818
462446		0.0009080369922622257		0.001713913393284254		0.0005639896434783313			0.0016736846242115637								0.0007704259997932681		0.002289395399151502
462447		0.0020363488129933314	0.0002480843109539366	0.0035096289959336336		0.0004260547727290158			0.0015545968887390096		0.001633699342546015						0.0014814209774790526		0.0011917590982868185
462448		0.0008345734300144916	0.0005426736267792203	0.0009078463490427473		0.0007430639480447442			0.001045717002942552								0.0007901764316264757		0.0012263709576641434
462449		0.0012724124043975344		0.0004930906248557902		3.746087238227617e-05			0.0004407209652220865								0.0021133716763997827		0.00024289677833109314
462450																			
462451																			
462452																	0.001920066624779834		
462454																	0.0006326418660244865		
462455		0.0015308760752470688	0.0007579570584726639			0.001714478696553777		0.002230086150622232	0.0015018989639367024								0.0027853029098396727		0.001368881129771757
462456		0.0019200323409359437				0.001861404989776688			0.0011173468108020956								0.0005858993099650627		
462457		0.00011317546144214934	2.2388217579218738e-05			6.373345281280016e-05	0.00036993425550062216		0.00022644481863961198								0.0005765128815302898		
462458		0.0009436312796890153	0.0014392608617394822			0.000967158413969312			0.0010225931186745333								0.0006512620753533533		0.0011916729974184844
462459				0.0028014995160622167		0.0010237898174000233			0.0011733135974167277								0.0002928657740715785		
462460		0.0026147040347189172				0.000982367870341879			0.0018619245001163685								0.002361836345316498		0.0030899978181895215
462461		0.0026979864326676733	0.0011986971118681565	0.0002976591655344609		0.001795696974055802			0.0027774897451760456								0.0022314385919941825	0.00021028178187684087	0.0017273580468950885
462462		0.0010833939406327071		0.0003365331202016151		0.0015642852524580808			0.0015444661687318653								0.0005603090696233476		0.001241863204204205
462463									0.0016224230241000729										
462464									0.00025846675735482935										
462465		0.00222353624967527				0.002209723280859698			0.0027266225869761653								0.0010595296167737157		0.0030230407982124057
462466		0.002381955358953556				0.0014963629118590438			0.0015332251476985808										0.0036901981006754268
462468		0.00011391173786265307				3.162825772804159e-05			0.0030908817474609566								0.0017052562238012866		0.0
462469		0.0027411342358325576				0.0027230425163796684			0.00589945240258668								0.0028020537112108633		
462470									0.0018707290472290933								0.0039057200068999		
462471									0.0025818072013370197										
462472		0.0057318161315857855		0.00500503419189458		0.004937417789748679			0.006448566615723785										
462473									0.000370861089423223										
462474									0.0015641129108719557						0.0004392971932736596		0.001847554622531914		
462475		0.001316845822263781	0.0010266168423777363			0.0011881321493150613			0.002379536577271111								0.00046271492824680513		0.0010619687041039205
470287		0.0025354623757728174				0.005266308968874107			0.003552999135178112										
470288									9.419266698376067e-05								0.004599040630132034		
470289		0.007208652462088123				0.003103635787432019			0.004855381304786781								0.0021875433765916157		
470290		0.004019768375656128	6.572793380899676e-05	0.002125034658862254		0.002653528492880432			0.004770867503292876								0.001481557956452371		3.8261401897765486e-05
470291		0.0006284607004499948	1.9914295912532697e-05	0.00022184125127739827		0.00032139976409446944			0.0015915838940424533								0.00047433927168873244		0.001012551706162378
542675		0.0008967290352618083				0.0004275357412411813			0.0010110526914414598								0.001418505082715616		0.0010336130979451794
542676																			
542677		0.003230861001837095							0.005351557641888299										
542678		0.003165435435110917						0.0008370960816631806	0.001779672462401385										
691509																			
691510																			
691511		0.0008354862464963228	9.572753934899389e-05	0.0002966267849990333		0.0012361888802424638			0.0016455331612921736								0.0011398693327892282		0.0004118870707779035
691512		0.0020930113052067094	0.0009865731540947408			0.002086522930469532			0.0032415995188465716					0.0010953465316058007			0.002994747766366039		0.0016145705873320231
691513									0.0014417389355350539										
691514		0.0008156131915669851	2.6899391859136422e-05	0.0011678372878247093		0.0008426446201889492		9.455013047917976e-06	0.0011549207277990407								0.0005356499348207207		0.0011471566320100752
691515		0.00017772705404305934	0.0005001519755893644	0.0002238803870812724		0.0009408460716405128		0.0	0.0008799679593622854					3.321409473324082e-05			1.0188338745900533e-05		0.00014403292181069884
691516									0.006562383912881072										
691517									0.000376947038295628								0.00037053285435973484		
691518		0.0017210611048977073	0.0008214855272509549	0.0012193940838743787		0.0016261093504345745	0.0007393767167294733	0.0006751380231627653	0.003390819676733326					0.0005378458805233036			0.0021037048139222014		0.00116102338623859
691519		0.0011642863058712702	0.0013010486449710945						0.0048126216201149555								0.002591671270919444		
691520									0.003016619372779304										
691521									0.0014948147038812705										
691522		0.001363574762862654	0.0003954764641474959	0.0010640203442907573		0.0012689547362359558	0.0002864501512937597	0.0007455249507719469	0.0028919204425199947					0.001066484447799393			0.002843046441408991		0.000919505483388974
691523		0.0012430757532512046		0.00020790106379475027		0.0008021820328068421			0.0015165589229406734										0.0017141503793261434
691524									0.0007506749898586183										0.002336362856299037
691525		0.0005193310110188445	0.00017119920445974874			0.0006868435551392036			0.0034585060944471984										0.0008494152242966108
691526																			
691527		0.0003750607664332441				0.0008392893127353706		0.00024943530618183813	0.001580277656682937										0.0015836709437226555
691528		0.0018024195516276507				0.001883551114077999	0.00026757996188129976		0.0034085336870152993								0.000561365761052021		0.002121417571585048
691529		0.0028685100472109126		0.003390062051142026		0.002693070142284734	0.002120772150425277		0.004025499201784792								0.0006692375860627789		0.00233751218760122
691530		0.001463128048748313		0.002118434331238535		0.0016911749817092574	0.0009611985931456609	0.000313972093114946	0.0011289122481765177					0.0008396363446873846					0.0013174592212510945
691531									0.004185759025383184										
691532		0.00020567202167243685	0.0005919396438201678	0.00010966352083726348		0.0010644569938326768			0.0026907031990351963								0.0005733989510884751		0.00016008618229014577
745868																			
745869		0.00020583141693751234		0.00012237999944155481		3.5264328745463773e-05			0.00070241781450227								0.0025970484874266384		2.156659765355421e-05
745870		0.0008147517677930456	0.00029730049900212447	0.0004008682591188784		0.0006854731731492276		0.0006236742035445793	0.0031262905632194666								0.001084569006736813		0.0007032900610028252
745871		0.0006471636299701773												0.001479713915022069					
745872		0.0019640028866641677	0.0016351135184318928	0.0017336365331817993		0.0012733119328037553		0.0007836235812438337	0.002823037278608326					0.001044337120866175			0.0017788165750663935		0.0021283447480539685
748541																			
748542																			
748543		0.0178120380441273	0.02651848364302886	0.012822320597891098		0.02317940106986603		0.012704757795794993	0.022650407265378134								0.016437376639987192		0.008268911078329033
748544		0.00036803550214786697	0.00025376045288503157						0.0004699985630404913								5.639530045257946e-05		
748545	0.008375569504107658	0.0080597165127742	0.00441350657841884	0.009788941839512084	0.00597993911317481	0.00914167030734419			0.004791610151052978	0.008228732625056826					0.012344421522148373	0.005808859976275422		0.006256403569562415	0.012816761646758677
748546		0.002075017077168145	0.0019893536956762277	0.0015892677020187698		0.0028722990910006554			0.003215206818010496										0.0013675183839302228
748547		0.00276031795437542	0.00039629503040506287	0.0016564377742629293		0.0022126800815756376			0.002941391461227016										0.0034797900172432927
748548																			
836353		0.003004640714182363				0.004671286306797518			0.004487554282582495										0.0013427867744414514
836354		0.0036397001844213185		0.002568231226851192		0.006893220661014349	0.00011064744562468414		0.0028242253292450866			0.0008370120016554029					0.00020941742024516564		0.0028849978570085035
907063		0.0009263551855480563	0.0006681024111026392			0.0009964074675904806			0.00046948583106444714								0.00037251846572065444		0.001043239792909627
907064		4.207085758807809e-05				6.300315434207672e-05			0.00019393912414140239								0.0006404819500442403		0.0001419110326281792
907065																			
907066		0.0011124153741052577	0.0008477807229550784			0.0010564127953293675													0.0002355612906522892
907067		0.0020180614341798533							0.0009548940306065669										
907068		0.0026518493015157646							0.0031943317943933466								0.001967006478259079		
907069		0.001671796314109543				0.0015482010088772088			0.003713547937976248								0.0018795662194613615		0.0015408326027267294
907070		0.001309503618576996				0.0020313001814432066			0.0010066135807353213								0.0005240487110116923		
907071																			
907072		0.002338792365763279															0.0019298305945169567		
907073		0.002588461661144595	0.005465417420451392	0.010721977180295734		0.002598668787861905		0.0037784795209262457	0.004990259611574655								0.0013679519638125001		0.004668792621578463
907074		0.0014227341307863621	0.0010716256433280702	0.0014647526432101695					0.0022699248791401058						0.0008950636894381745		0.0012116950090831906		0.00208266981936335
907075									0.0021830467932049966								0.0037182228363093995		
907076									0.009198407034684442										
909451	0.004958453015807822	0.0052390979232076	0.004433556570562433	0.004487732408076983	0.004606253617496034	0.004723714613420409		0.002218078545146301	0.00697823031168513	0.0041688282683673425	0.00019728986033954563	0.001554939771136885		0.0008033113880463758	0.00448560501053894	0.004507796197661656	0.004280574713685628	0.004301098568527146	0.005509107387191441
929210	0.0030630470538323207	0.008121932118664004	0.009359843118752854	0.01087329385237245	0.004585733996075905	0.004334428190709748		0.005167425337333017	0.007958598209031357						0.0019943778543772923		0.0036116218362218276	0.003103531367875219	0.008569790581663291
929211																	0.0018772296670688336		
929212		0.0002673917025277351		9.668561704760825e-05		0.00036380619070573033			0.0003238135557424846								2.828076107428342e-05		0.000889335023950411
929213		0.00023581476521140863				0.00032942021099887964	0.001001939237233356		0.00032826210141070444								0.0011619350660676774		0.0007351661513892024
929214		0.0005971676765804336	5.472672088972814e-05	0.00034187020195345795					0.0025607662820459082								0.0017587286357783265		0.002104044017167425
929215		0.0005409265707051253		9.437339658956265e-05		0.0003920911979459691			0.0004901616855040535								0.0004254667332912769		0.001650794151227655
929216		0.0011415246368428646	0.00017676154850163262	0.0002774662706814472		0.0008585461521544756	0.001780666104337606	0.0005083758360612592	0.0004949848518174278								0.0005888082288907132		0.0016859379475609414
929217		0.0020779905954549475		0.0021860896820610066													0.0005361576437124798		
929218		0.0015889469926260893																	
929219		0.0006034670461483804	0.00026779923123583537	0.0005778466399101754		0.00018612490338949377		3.800394017951056e-05	0.0006232545481128777								0.0003800748196841201		0.0006346597273082572
929220		0.00041018028202163316	0.00010793938295637563			0.0006179246729194209			0.000359862147977335								0.0014767709538867915		0.0003185031888785463
929221			0.0004169146193451062														0.000361868756905871		
929222		0.0009932870750359317	0.0005612556578940538	0.0003514777231463771		0.0011212111198756146	0.0006983039555585205		0.0012101181834658194					0.0017015557318950146			0.0011636944689220263		0.002579200815491874
929223		0.003315792852487801	0.0025477608745368635	0.0022436711848478237		0.0022498231692454356			0.0029452711557433004								0.001215104359213072		0.002101804570481226
929224																	0.000760078483949168		
929225				0.0008835293372684873													0.0018240330362561325		
943037	0.0006750970806082302	0.00412050028285629	0.007069958341582683	0.006185773796950842		0.004270331301879159			0.008895242087549651						0.0014704687043969626				0.004061461241833795
943038		0.0027347629480070084	0.0019061891180165932	0.0006010318361269764		0.002915424447238872		0.0	0.0019750860123122663					0.0			0.0014238357733702665		0.0024944600151377413
943039		0.001908692283217185	0.0002603697519846824	0.001454708107021059		0.0022571318060442425		0.0008967141306344001	0.0015678353845317962					0.0024877809326330873			0.0017681623929836979		0.0023004220240309737
943040		0.0004192802184572266	6.16770213617775e-05			0.0005571938978052527			0.00022838177866595313								2.9104116247601217e-05		0.0009753248444696309
958277																	0.00044119359547584993		
958278																	0.0007297059812707315		
958279																			
958280		7.831026408973434e-06		4.4664161302249414e-05		1.3791364530113906e-05	8.529512111907157e-06		1.3334227612506701e-05								3.0246128547970975e-05		
958281																			
958282																	0.00010019255061827308		
958283																			
958284		0.0008834709827180251				0.0014290274579874598			0.0009328253129585555								0.0009181266685535113		
1004517																			
1004518		0.017505792293497583	0.013980453449229277	0.015290030264145396		0.01565822997061278		0.005152335329038434	0.014079128776250907								0.016461861162901503		0.010370320561318966
1004519		0.0022468355655671087	0.004330826429871651	0.006205344865124899		0.00276526805267405		0.003918004704842194	0.002411808864401872								0.0026480636826694192		0.0027192611406129117
1004520		0.01264635288376695	0.0042197085531232425						0.01242831239539147										
1004521		0.011578625194229461	0.004225570632189901	0.003177359976600412		0.005269643214244121			0.007884614223095415										
1009719		0.0008248114409560634	2.4617074112542853e-05			0.0003102587970424723			0.0008329783856025982								0.0004498474528321273		0.0005099362579677533
1009720																			
1009721																	0.0012565453665915485		
1009722		0.0021020065841644013	0.0001380956624580909	0.0018259015797124196		0.0020991785588396626		0.0	0.001978890524968972								0.0005858029442533888		0.001737316284353159
1009723		0.0012353720278196981							0.0010483360929478096								0.0017621595096784391		0.0014262689316414255
1009724		0.0007867287847448155		9.208234419073303e-05		0.001177215861398945			0.0005706652393775195								0.0012411891039013144		0.0008831705903312841
1009725																			
1009727		0.0009254230592069662		0.002005552797680801		0.0016458324083057996			0.0008177709564741685								0.000337054610005668		0.0006342051523374137
1009728		0.001462029272722609	0.0024809205885476995	0.001480474430467461		0.002601111108694388			0.0012603172011278127								0.0008464830582768506		0.0013490451214389812
1009729																	1.5098411416589571e-05		
1009730																			
1009731		0.0020931816413387863	0.00016153573074200684	0.002309013076100907		0.0019792531419798552			0.0022715960693437264								0.0018039723976131072		0.0023069972793079685
1009732																	0.0028294968703804096		
1009733		0.0019643858857387978	9.487043649611625e-05	0.00023559525607982944		0.0019056377552225004			0.0017222302969260779										0.0017737985938250857
1009734		0.00047325607837840524															0.0006206570807963601		
1131704		0.0029634565166342356		0.003862251347694076				0.0002729002055147609	0.0027107331120075195								0.0009302752949783463		
1131705		0.001250597675437012	0.00011241114311106266	0.0005604393205387523		0.001014578360372755			0.0010600918271151988								0.00020641478785135675		
1131706																			
1159919																	0.001728642107975276		
1159920		0.0012823888441748138	0.0014542771184146383	0.0015191341028523446		0.0025827810230923316	0.0007451841122611848		0.004192795242601321								0.001745191029057981		0.0008428365847638593
1159921									0.00019298280424498765								0.000653944138724317		
1159922									0.001348147806310396										
1159923																			
1159925									0.00044828418041200594										
1159926									0.0015465014725863128										
1159927									0.00011248594240061319										
1159928																			
1159929									0.0017674714267094849								0.0003406923447982604		
1159930									0.0019038389625648546										
1159931				4.407299611034755e-05		0.00016883839186397582			0.0009879478564136187										
1159932									0.0019818695446340794										
1159933																			
1159934									0.0003758686075455466										
1159935																			
1159936																	9.040535434030266e-05		
1212842		0.005958581279762401	3.628500190337956e-05	0.004038711858497905		0.002592722537463182			0.005503304679367659					0.0016154404487402213			0.00024170861310553212		
1212843		0.004717613634722794							0.006189497495651514										
1212844		0.003706585059661108							0.0037473959855782073										
1212845		0.0014268649466918802	0.002288007987483738	0.0013291239080456124		0.001658853649041847	0.00017928263240244688	0.00020224050758401943	0.0024099599069871353						0.0002725691666329153				0.0020487330512380573
1212846																			
1212847		0.004694890240306818		0.005142350842057164					0.003909990710227764										
1212848		0.0005236603181077759	2.81527855361287e-05	0.0005722055722055724		5.285804085104671e-05			0.003211376471000568										1.883061858582055e-05
1212849		0.00045124531263856756		0.0004956072736277857		0.00023882424984690798	2.329192546583855e-05		0.0014892309528139703								0.0002732719615140397		0.0004309183556659734
1212850		0.001243477084059975		0.0008357682823815133		0.001633616730717324			0.0022799324514773825								0.001342012716254776		0.001125213756412695
1212851																			
1212852		0.0012417924941222356	0.0024776066381063918	0.0032127765052187185		0.0022632762585045917			0.003937187019306329								0.00018773959828805896		0.001573707484708623
1212853																	0.000489389081126751		
1212854		0.00011529227134530368	0.0014739591159183788	0.0009089785252537565		0.00023839164031017496		0.0015612292658202945	0.00023985896138976017								0.00016229718218175584		0.00044798605225219
1212855																			
1212856																			
1212857		0.003157732631805674	0.003733064328544278	0.0027496817907906213		0.001249315894641567			0.0017985723240405373								0.00017310711172258318		0.001895122032241257
1212858		0.0064757195188244335		0.0034598415735054193		0.002214586174071883			0.002502492083273482										0.001908266039816769
1215296																	0.005642815204523784		
1215297		0.001930691988965697		0.0009520762324790526		0.0026453060022189915			0.0026608803892522216								0.0006485833323667375		0.0020682501521887076
1215298		0.001576153291559271	0.0043538519820996826	0.002907621499936141		0.0037482019868510163		0.004007150784141424	0.0013715654414997026								0.0025664224352443957		0.0018420137618546098
1215299		0.000998684263306138		0.0005264661164780662		0.0007853751908952784	0.001425072579985844	0.0004729083747754629	0.0006725399788761491								0.0014329811941419337		0.0010012052316555442
1215300	0.0077336775954847765	0.009067026671210492	0.010479988813890439	0.006379071687206711	0.0071806958161348645	0.00874901987165201	0.007866570907173291	0.0071642735068598775	0.007874450258332543	0.007039259059531442	0.00575019809691302	0.0014947756670931807			0.007069557619983672		0.002345721656234597		0.008245353860203395
1340766		0.008769001227961393		0.0041517948542546205		0.004208074414280805			0.00640980544873162										0.0036477063844637856
1340767		0.0034044260710384636		0.003315917669491825		0.0019721476902063778			0.003254351913256237								0.0026588962912423124		0.0022264594781524847
1340768		0.00518669875178535	0.004532749991724963	0.005030956176730619		0.002560653828158596			0.0030440435037903378			0.001095542276255237					0.0018561299737749866		0.002855851701126726
1340769		0.003233939495117379	0.0013226962647209274	0.0008954966283456298		0.002098698664832123			0.003504772871671423					0.0020317522534293287			0.004082255950302186		0.000392006102212052
1340770																			
1348277		0.0013804427109901526	0.0008040291747802451	0.0007365164325925728		0.0013115412859571	2.038004350696234e-05	0.00012293393314285266	0.0008512499310647916								0.0012419930758189534		0.0006383396448828491
1350770		0.0009470401571025975	0.00044551498243173773			0.0003760750497789437			0.0011712860641956526								0.0004421972897252607		3.1266284523189163e-05
1350771																			
1350772		0.0019110979123509926	0.0014717301899809996	0.00247068695850882		0.002924556007239293	0.0008196407783627149	0.0015469701516497864	0.0020182664973387846	3.490547987226236e-05	0.0016153978346794958			0.0007525281043067593		7.210710089375657e-05	0.0010350043068095413		0.00171613746708597
1350773		0.0014713576647999035							0.0022857835454356797								0.0031224563925370276		
1350774		0.0027107364384893577	0.0007836644228241214	0.0018023123091179863		0.002881154158198913			0.0027796113079958974								0.0015474519689539082		0.0022465317597152304
1350775		0.0009057856880474285		0.0020223050693560936		0.0005827022968611442			0.003415050856948322								0.0017904475871835955		0.0010902193571012964
1350776		0.0022290853713591483	0.00215656164740347	0.002095984729305525		0.00159390456918936			0.005749038654593985								0.004760412404491065		0.0015508182900445568
1350777		0.0026974486916469223		0.0011462980903375543		0.0025717926914126713		0.0	0.005058238002764193								0.001411231271287143		0.0007869432990958371
1350778									0.001036197551441362								0.0001169886130995929		
1350779		0.000345761539488337	0.0006303016073810139	0.0005343273093044178		0.000478366222683443	0.00025604476823988916	2.1868889574971616e-05	0.0009488868383542115								0.001052028397049222		0.00036046368340518205
1350780																			
1350781									0.000303224253059008										
1350782																			
1350783																	0.0007620356835356527		
1350784																	0.001207034227591768		
1350785																	0.00039286701036774673		
1350786		0.001873190821414365	0.002026024622002021	0.0019192463258812947		0.002960607375254176	0.0009819931471896164		0.0026061837532025674								0.0006857766832523851		0.0020466621130765007
1350787		0.0006060821524552726		0.0004834423177234622		0.0009564870815356012	4.855311711011859e-05		0.0006005803329011284								0.00040633583419332316		0.0002413328178374628
1350788		0.003720263709270912	0.0011374684280848085	0.002807186945992904		0.004937458982802274	0.0011676648284410516		0.0046654951195330965								0.0010152114776904163		0.002524248223030942
1350789		0.0014603119640376448	0.0017503671252627865	0.0016446345202333794		0.0012020743925086215		0.001570083674615422	0.0022728115683876976								0.0006208611387387852		0.0015169733734544707
1350790		0.004476649281412466	0.004279025553964372	0.0018346767739771345		0.0028355579472145787	0.0009042213494268276	0.0021576038202621543	0.008127162923785871								0.0012363696090701669		0.004403708695491231
1350791		0.0013478233785861543		0.0014353365948527603		0.0014092689146522222			0.001977370805387168										0.0013924986353081024
1350792																			
1350793		0.0015409381821640273	0.0002654412934726549	0.0014964001576485103		0.001455307544904401			0.0017664772736925326								0.0009223788465824151		0.0013678764253356062
1350794																	5.4526824457220226e-05		
1352383		0.011041894968136033	0.002392776039447312			0.0073440700229716206			0.012048197681797948								0.01545562841228703		
1352384		0.0016008727452256168	0.0016569204519762317	0.004643149941541898		0.00131346096273649			0.002149371396247965										
1352385		0.001109724153370711		0.000434131089163269		0.00032091959374314777			0.0007555724543414626				0.0005381780227665621				0.0011973068939888293		0.0015039817646719396
1352386		0.0017391581855380571	0.0025983978151296375	0.0018650549438377782		0.00236193631119066	0.0002076814443552185	0.0018546577233484844	0.0010084194680804702								0.00024788425946793344		0.001627783732427366
1352387						0.014651267907007921													
1352388		0.0026393854907022867	0.00033409521198396377	0.0029553916250186557		0.0025941230921573883	0.002656761635720103		0.0012946993619618891								3.389779123535236e-05		0.005273080494279071
1352389		0.007321411564992352				0.0043524345900517215			0.00859317808882193										0.0010096352008116705
1352390	0.0015384045204584148	0.0045256559561323954	0.0010779690003592597	0.003232118477709553	0.0014685565586853924	0.0031637149715554483		0.0005218224635621008	0.002689233360151806	0.0005034915961819193				0.0006454921257575818	0.0023691183304249967	0.0004102599184059157	0.0012608356650277036	0.00047501359225329186	0.0013716662047966663
1352391		0.0016910876731951576	0.0005554261866467161	0.002269046534317129		0.0013611877948409444			0.0025480958058481866								0.0017372890766320594		
1352392		0.002117374373790476	0.000829162459807345	0.00023294743845947018		0.0034883762474002904	0.00015107766475933962		0.003713508307604526			0.0					0.0012299554416955844		0.000892164964677918
1366054	0.006314761506781154	0.011520291739512321	0.011779770100426353						0.019837524286114072						0.008832667588427955				
1366055	0.0026200581209184512	0.013555455707162328	0.01938333678852113	0.019228597380305454	0.007501513351164417	0.013314081517773692		0.018180588136904954	0.01882076476282522						0.00267236922616681		0.007978055849760171		0.005183117613840369
1366056		0.0006901348827004554	0.0006855166478355771	0.0001582596506394135		0.0013696087452514743	0.0009320776797009647		0.0007789953660864056					0.000523144711697912			0.0004404548063071486		0.0016572829640392342
1366057		0.0037052564643063144	0.001581773850528194	0.0008580916717234629		0.004502175172224331			0.002742513035468121								0.0019299237760081293		0.0021368562669732273
1366058		0.0029812803391688863				0.0032886897548066365			0.006037081108649904								0.0006608530830540444		
1366059									4.7840948522631386e-05								0.0003329460829741948		
1366060																			
1366061		0.0021444838131499644	0.002072790679782239						0.001390225174292953										
1366062		0.002832539910624874	0.006166480365961198	0.0032646190941027046		0.003717594714269933			0.0023841087365465024							0.00017824454656678986	0.0019915562419555444	0.00029494476060040205	0.0016482064785330315
1366063		0.0006081050691900664	0.0006525501388805467	0.0007496101462886643		0.000625383626530163		0.0002267854051934564											
1366064																			
1371994																			
1371995		0.0010526242858919603	0.00039831283866525986	0.0017201167951826407		0.0006060664370886092			0.0009634136620361889								0.0037859200862044853		0.001531670804410173
1371996		0.008098405470349746	0.003933193990402047	0.009093322863732586		0.011001021932215145	0.012243741273346534	0.003454211025685317	0.012669581700888218								0.007124031523282747		0.016395265672566963
1409095		0.001948218365508368	0.0033249728502890417	0.003016621251475938		0.0044925448129103	0.004603893728008464	0.005566826386499651	0.0038072997094361952	0.0004905555653953568				0.0008127765467220771			0.004009407562266647		0.00817192362819582
1409096		0.005743365343336769				0.005635298715153815			0.005541420910194767								0.0026981916086939624		0.004129351829578259
1409097		0.0057784212396821515	0.002477226864351322			0.00548058594624214	0.0018726054498616341		0.002982956196452778	0.0003960649214426314							0.004211664646931118		0.002965896741013594
1409098		0.0007118127931626567	0.0023951451528612063	0.0013948012967119467					0.0008179716878901631								0.001965038819173359		
1409099																	0.002050686552142875		
1409100		0.0015981489801284697	0.006697462230515283			0.004575793919915601			0.0008000143542871887										
1409101		0.0015336992296927565				0.0011100275775555403			0.0027739338066736156								0.0026594470700623566		
1409102																			
1409103		0.0033092392236161255	0.0005989186988401912			0.001322113922390524	0.0018383210793845447		0.002724557721103447								0.0007553218273342216		0.0037601632622484343
1409104		0.0014638204865631377				0.0020428923201370377	0.003396446937821411		0.0017284247538971679								0.0068747627209683046		0.004152993558165971
1430143				0.0008870952065756446		0.0018109020373780955													0.005223637499578422
1430144				0.001410165076065274													0.001798889969123439		0.005920890117988976
1430145																			
1430146	0.002429286610441705	0.0033676146989881457	0.0022016761725260846	0.0010678520704115791		0.0016503098682945497			0.0034969134915940198						0.0013365277960105963		0.004259586421106274		0.004897973048828228
1430147		0.0011383149758509724	0.0007817847827999759	0.0016425812841685198		0.0018029539089094312			0.0013533390068383672								0.001984287650896017		0.002934397428930106
1430148		3.314269125506923e-05		3.770340430249172e-05		3.377088753265919e-05		0.0	4.4768576082045744e-05								0.0005820049803223843		0.00024046761702757293
1430149		0.0006272406858878882		0.003237413556292551		0.001967201069139766			0.0013759322873438825								0.0038244328455808337		0.004224291184496646
1430150		0.001282617664779029	3.583141484251552e-05	0.0005551872881080271		0.0011344133423659333		2.2330130003566023e-05	0.0015448630347705587								0.0008315813179000714		0.0026082034389621088
1430151		0.0006029015547055406	0.00024290262351017535			0.0010990682130981228	0.0005116226559873495	0.000265623651040318	0.0012537273150673189								0.0017351881819947519		0.0018313755689138354
1430152		0.0013939230113845795	0.0012238596486405318	0.00045565562595802105				1.372683596431026e-05	0.0008440498486013686								3.140344518320772e-05		
1430153		0.0006676831856640805	0.00012473112151291136	6.2292909034736e-05		0.00037864966118306126	0.002086609155929681	0.00011477154334297214	0.0005352422086789554								0.0008243567243427126		0.0005226238959115682
1430154		0.002175884530539526	0.0008835868066069524	0.0008110840130896146		0.001745822518464475			0.0013162834696308005						0.000394172254278974		0.0012428777060951126		0.0013592827086920188
1430155		0.0012699056975675378	0.00166787950210156	0.000511825534143776		0.0010146309676169103	0.0018666252240683552	0.0012206656550606929	0.001554241621906821								0.0009683212539924318	0.00135778472185438	0.0014176595962120415
1430156		0.003084176044018154	0.003211002045303127	0.0013446434318069534		0.003042183849271337			0.002405152961831569								0.000675957577799407		0.0021661559698904907
1430157																			
1430158		0.0006197613147998746	0.00018928589220404933	0.00010132018425861058		0.0010500303378496115	0.00012276925500285193	0.0004433870966222159	0.0009118313122237926								0.0012325759327212625		9.777613610438158e-05
1592604		0.0010391496697387324	0.0001721998874453957	0.0011395659810547562		0.0004432724782349954		0.0006401167249667959	0.0007711072911683782					0.00039387798712626424	0.0003443318770548686		0.0017861148651823215		0.0008464099133841373
1592605		0.0029575661931924876	0.00020641849313836894			0.0016647629398558095			0.0017340639040121274										0.006347292816237015
1592606		0.001053525998850849				0.00062578944717591			0.000708230166641696								0.0010836821773436622		
1592607		0.0025910185736698244	8.056647083427414e-05	0.0014397839640192427		0.0011292525457430385	0.000833739069095201	0.00012993558238038155	0.002640830981979792								0.0007618829780148544		0.0018618391656511938
1592608		0.0008158451032097546	2.8431404584597923e-05	0.00035892291086114873		0.0011633354561452424	0.00012227644715685106		0.0013933227729789593										0.00022350483824888826
1592609		0.0021995769116439808	0.0003419103776333387	0.0005389982660844244		0.001978148044307995			0.002647771816108719								0.002808011557352025		
1592610		0.004206233897266304	0.0013751759133106604	0.002780598843441289		0.0017701179396590984		0.0018034435976803872	0.0032707736092710475										
1592611		0.01007511997925805							0.01168989542775566										
1592612		0.0019201219236524175	0.00043942259754271157			0.0007643623771320402			0.00042508319224706574								0.001126192567518765		
1592613		0.0032239514228859915	0.00020432793264563091			0.0015837235976779611		0.00031658291457286415	0.002749713816394876					0.0028684272000630727			0.00017049418236513795		0.0013684128619310344
1592614		0.0016047389217769437	0.000422609950013632	0.0008942322696478861		0.0011489647988113109			0.0018076865138876885								0.002153095556283503		
1592615		0.022044366851448616	0.02540408749617507	0.012558974322444722		0.010972304844955918		0.012922625867759443	0.0238459816846576										0.00919535389354533
1592616		0.010658008664346382	0.01776020956344689						0.016127899540475398										
1619105																			
1619106				0.00023873885516366116					0.0012288899633617779								0.0024260743220640415		
1619107		0.0003948040848777121				0.0005064262484951201			0.00046969341564207954										0.0010663011823651644
1619108									0.0005496085746700129								0.00023948162524006298		
1619109																	0.00035866008720290127		
1619110																			
1635481																	0.0005809792043211626		
1635482		0.002683922353340369	0.0011501502048888285	0.000581720398830273		0.00218279288169061	0.0006086430773839869	0.0005042287823058141	0.002413804588898302					0.0016135322784396754			0.0019921455185478946		0.0026240929883043
1654858		0.003007221463591605	0.003131210342594658	0.003550450298720473		0.003662718953774548	0.0003250197988794699	0.0011315320699103002	0.002703079274125807								0.0008495054322310568		0.0017249169950769399
1654859		0.0012955137454239837	0.0006289801637418537	0.0005197180845294578		0.0013087761553202816		0.0005467656017669714	0.0006741107978476662								0.001934002844137487		0.0002493967394502964
1654860		0.0007228219962116052				0.0005586973488345629			0.0006823324715333946								0.002145446733859728		
1662247																			
1662248		0.0006757884379213898	0.0006468818932511036	0.0008256543330384976		0.00014740778993398325		0.0003323520387890261	0.001182581054996157					0.0006863357514708624					0.000139613691466938
1662249		0.002453123503176201	0.00038627027318335395	0.0016185085503290738		0.0007235295707769371			0.0013695512524819731					0.0018978748157827661			0.0005215118225049664		
1662250		0.002223374778151046																	
1794728		0.001126332432887388							0.0027846806788261427								0.0025402897247036567		
1794729		0.00044970711879135466	0.0003797680440226228			0.0004347963302251468			0.0020774878160826674								0.0022111482267197498		
1794730		0.0062734330812181625	9.502571705847409e-05	0.0013656569697093703		0.0009642231378778581			0.001332925840196859								0.0010585168939813842		0.0012974286610222664
1794731		0.006257809868114756	0.0034561253033508063						0.0011822735095170804										
1794732		0.0007079872839134957	0.0007749551553091677	0.0006442233458317417		0.0005579819898692837			0.0020329523989040107						0.0008158116315571502				0.0011225115549068397
1794733		0.0014082317985192336	0.00191263782427907	0.0013400821149956552		0.0005131557758180303			0.0028146409400003312								0.003301668029638851		0.000796430100969702
1794734		0.0004584312571304673	0.00015654695312945053	8.50023006320685e-05		0.000592328022976164			0.0010514934172548619								0.0006352094995082288		0.00027386471441101225
1794735		3.3839186881736444e-05		5.9877349193091675e-05					0.0008061025132323361								0.001155067179595377		0.0004873115922991926
1794736		0.0019249930725304802	0.00021930821231907132	0.0001959968823830001		0.0012222566670836176		0.0012579957356076777	0.0028513988651725926						0.00037024347151910086		0.004356888926960015		0.0012545765618636575
1794737		0.0033827192118603784	0.001650943861875212			0.002161760822232645			0.004810663539916769								0.0025061034254432097		0.00162371128039323
1794738									0.00023551340459021958										
1802414		0.01882522016967591	0.02906206655544902	0.02491291797094366		0.004629420551657056	0.004148464059210005	0.009386852107996358	0.024842205576976157										
1802415																			
1802416			0.00818684275801101																
1802417		0.010957301935118596	0.0034186049243704712			0.008379725555094362		0.0016323877972322031	0.005188446933418537								0.0025749501550780597		0.017661174294501442
1802418		0.0006025723805257577	0.0009895681555569225	0.0001636253823685621		0.001059167785260396	0.0002646603166800296	0.00024791924915884425	0.0007699005827997194					2.5297882567229004e-05			0.0008794970337971376		0.0006117138676851694
1802419			0.0002036909276442409						0.0003728746306163119								0.0003465710203329484		
1802420		0.0018390203294363296							0.0032450504504227267								0.0027158985264037643		
1802421		0.001796196499166531	0.0015676277701366724	0.00033097052801816775		0.0014121118872548555			0.0012555702561534408								0.0014956448626680377		0.0019179449698804756
1802422		0.00413439310482598	0.00047133410224753814			0.004253840868215205			0.005267790448504947								0.000563699279073356		0.007726469324144674
1802423		0.0018726254239488298	0.0002340133708346147	0.0002809163661229125		0.0017457307283665863			0.0023435547929769457								0.0012524156654912225		0.001939167158355847
1802424		0.0012864559225745417				0.0007912178859646882			0.0020913524038558033								0.000803709501762831		
1802425		0.0036991772746887723	0.004976295604588348			0.0036145203640387587			0.0022305009135562236								0.006106513710133824		
1802426																			
1802427	0.00037363391246037853	0.0008773893496606517	0.0003458449624547729	0.0011034980600866016	0.00042459949702777024	0.0009059908899156547	0.00037343070344061886	0.00041800592470154975	0.001010148285318249	0.00028848101096060855				0.0011014033324013408		0.0004372725978612227	0.0007119144462611037	0.0004552959592578229	0.0015565695221813293
1802428		0.0018680902606626804		0.0027216930557341975		0.0018671400367353433			0.0011508909058310177								0.0007845833291771285		0.00122948571310275
1802429																			
1803700		0.0046609974582796886	0.001385508389783141	0.0032513710177552693		0.007156278488390676		0.001140435512274518	0.0067616350416857905					0.002415958632659533			0.0022221759592789855		0.0020191727343082774
1806625		0.0010816593522961094																	
1806626		0.0034858377637246754		0.0009861573431551335		0.00033919553023539447			0.00042262977104690384								0.0011327945428802274		0.0
1806627		0.003624452632729475																	
1806628		0.004334575890335391																	
1806629		0.002011645516368963	0.001158355082973941	0.0004915730768451115		0.000850972498343694		0.0011323702542754	0.000502314254427365										
1806630		0.00039749961287004464	0.0002447678402940832						0.00055473695769036										
1806631		0.002713747488889507	0.0030361031388431068			0.002263551368007839			0.00302942422120622								0.0011992124763666		0.0018607144522378993
1806632		0.0006554662064932563	0.0006820591716172317	0.0003585944966511606		0.00030484739371677383	0.00028290341657175093	0.00013466703452597988	0.0013841304702620339					0.0005278566818288888			0.0007293868652337536		0.00011583250401902596
1806633		0.0005456145792352946	9.050755389304851e-05	0.00014477517734422354		0.00010133556737543788		0.00027404168760798014	0.001153876327119571								0.0009563383584150147		0.0008408735610403136
1807483		0.002215514385431709				0.002525932153182793		0.0020733790076815925	0.0019323824844097773					0.006523779915198763					0.0023659204188936963
1807484		0.0020726782673382805	0.00030003458147336264			0.0006510940073981325			0.0017240878886219408					0.0041268025023889305			0.0043134933842373935		0.0008654993310653402
1807485		0.0002701309027803	0.00013750565009590601						0.0009156669320027028					0.003183093147357277			0.0038601074413837115		
1807486		0.0017611886820311517				0.00049387232485824			0.001453740212780261								0.0023769788795440215		
1807487		0.0031580919575742473				0.0006887645286267752			0.0017171282345625856								0.0019203048729475021		
1807488		0.0008512181315755589	0.0004807272015905726	0.0001990201130467833		0.000793546168955088			0.0017054593256404051								0.0016266283727525313		0.0013162929489787892
1807489		0.002080752512777334				0.0010213807081489493			0.0007520714740039895								0.0028010362112063395		
1807490																			
1807491	0.0022432830488498725	0.005761919605511253	0.0036593307855845164	0.005040349052940459		0.0024452365149826103			0.005707253298844167					0.00783568750636845			0.015589258978510339	0.0021344314543616963	
1807492		0.0010212597227271852	0.001108574777049415	0.0011956862680060657		0.000537628453110843		0.002305494518500256	0.0007913907021410743								0.0017194251974153338		0.0016910216179025633
1807493		0.0037873554767246464	0.0005581649437826194	0.003930244161622074		0.002390982734125373		0.00458318707069257	0.00329818214165666								0.002836133986304122		0.002499580538066512
1842121		0.001568955595068197	0.0023231372025991582	0.0017177407656870879		0.00038521231130018285			0.0010346847555204163								0.0018684698545558944		0.00047288856808576384
1842122		0.004063212372237088		0.008309649891487574		0.003775658251465255			0.00575521223438664										0.004455436202936589
1842123				0.005177319962626887													0.0005737337804872626		0.002174498212583898
1842124		0.0012708563817271556				0.000583253407935559			0.00023590769663002576								0.0003447343245043728		
1842125		0.0004765742371646369				0.0010839516494008856			0.0019253307822309836								0.0027281407449261013		0.0014396443158802995
1842126		0.0015496976207400907		0.0010510546500479409		0.001035922347654706			0.0014125040718729093										
1842127		0.0015579961457366008							0.0019012772553453098										
1847182																	0.0016294571576268547		
1847183			0.002084285933252297														0.0020771502518822913		
1847184		0.0014244522201855136	0.0006413145512064898						0.0011689711176188782								0.0012520659202086427		
1847185																	0.0017705244133479122		
1847186		0.0004546476686296212	0.0006714190582204107	2.7600713317970063e-05		4.695719393912976e-05	1.9978423302832982e-05	0.0001927636534694516	0.0003848683554420856								1.3097534117543532e-05		0.0009291237483100152
1847187																			
1847188		0.0005956515821022896	0.00027721267797808853	5.2917782163577025e-05		0.0005674099661279918			7.482650412073858e-05								0.00026777163035656727		0.0009375740399983426
1847189																	0.0008446727344867172		
1847190																	4.495632134608179e-05		
1847191		0.005709551426353457	0.0031589450011601187						0.006322718911672426					0.009509806500319662			0.0017600495094206607		
1847192		0.028505393812918313	0.02349698260274814	0.022961413750117215	0.0018406188015717942	0.016895229046205523		0.01130625851771556	0.03118931975377935										
1851583																	0.0012788788655541043		
1851584	0.000799177139290353	0.0006274644780755207	0.00020215426311216434	0.0014179900993489122	0.0007759238178309447	0.0001159675403587425	0.00046883217739462934	0.00022917654496601916	0.00042211085425119263	0.0003032061377267972					0.001322777329216195		0.0018659934518126388		0.0006713666395002724
1851585		0.001018990904965038	0.00016963764733152236	0.00038581042660667923		0.0008762985172024479	0.0005622951934810018	0.0007060028312400236	0.0011917610207417392								0.0027179293915079628		0.002574121397766473
1851586																			
1851587		9.963552302399883e-05	2.209317837891874e-05	6.835311233468104e-05		5.9616419689318813e-05	1.904761904761904e-05		4.970819437099496e-05								0.00048431219120953023		0.0
1851588																			
1851589		7.260675486914472e-05				7.077964564621621e-05			7.519331137704535e-05										
1851590			4.683978486848976e-05														0.002236963062155107		
1851591		0.0030162836792511066	0.0017713261510300862	0.0025632405966074475		0.0024819354851315324	6.770956109157847e-05	0.0019069474569246374	0.0029325368079404514								0.0028462185735397545		0.002876633228651216
1851592	0.0008667944622815246	0.0003145125130623694	8.868924084402481e-05	0.0003627340327055274					0.00011612410540126511								0.001829292371394622		
1851593		0.0025872755836976874	0.003010712717345281	0.0023671009741496035		0.002306362183336724		0.002915589737124127	0.002347734811063422								0.0007179689200445592		0.0034465284904287986
1851594			0.0007725169468052464			0.0026568613765694613											0.0010087285128294557		
1851595		0.0050150028651397794	0.01028375917368044	0.0034275541427817922		0.002998521360863043			0.005235743876167347								0.003857837465042505		0.002489577616957148
1851596		0.00012915389551382354	0.00020090915187943566	0.0004498080426538033		0.00019660179616066872	0.0		0.00019832499115473204								0.00038354699623155934		0.00025575698137793096
1851597																			
1851598		0.001089636415179045	0.003421534606129822	0.0016920088564240192		0.0009312164996033653	0.00012951262445488863	0.0016170165582495588	0.0009167926653589699								0.001257791996851994		0.0006143406041430923
1851599		0.0027279832337742164	0.0026539034298151518	0.0019358412833078798		0.0032338731261169875		4.7289269594757686e-05	0.0011506893653514293								0.002243598968351539		0.0011698915504355929
1851600																			
1851601																			
1851602																			
1851603																			
1851604																			
1851605		0.003193522975062483	0.004173993003608523	0.004071468967101762		0.005326406193651477		0.0009113126748999328	0.002164061133986803								0.0027787667520023274		0.0027191409238868673
1851606		0.004427313849392383	0.002814158304004486	0.004076883548140942		0.0031978034568840574		7.832832489445696e-05	0.0033866589216982198								0.005493726027305384		0.004502315175052242
1853827		0.0010919441223749087	0.0004660244398774102						0.0008684620739419027								0.002157433623202496		
1853828		0.0008661613421158942							0.0007946446183229143								0.0033691538950934687		
1853829		0.0006563748347173148	0.0006612675250577796						0.0009223377463838533								0.0036992005139932956		
1853830		0.00113102801653887	1.2818573022635796e-05	9.021442843689965e-05		3.302622039000885e-05	7.540056550424139e-05	1.8515503379206795e-05	0.0002566260283344428								0.001081374163463901		6.66619145301854e-05
1853831																			
1895945		0.0009370994057007688																	
1895946		0.0018900322520971347		0.0013958395654680438					0.0008653916998091456								0.002300459568282681		
1902524		0.009617605034141658	0.012064024360794085	0.007983336626821373		0.010228590779623245		0.0047880931046728956	0.010830095759501926								0.005024656747856729		0.0015905338221441647
1902525		0.0014925644923656192		0.0022564129617587726		0.0010545460918778365			0.0012183550114864407								0.0014947311495885954		0.002354049619441403
1902526									0.001949945639881016										
1902527		0.002096211636361482	0.00021813359423923588	0.0010160604083682392		0.001566501821696362		6.586568791692314e-05	0.002170560431211659								0.0006571661325977156		0.002506630021052055
1902528		0.0016286578110024084	0.0011841936029335334			0.0028432441621195955			0.005012044688475678								0.0040505631588037645		
1902529		0.0001762698008768522							0.0020478455755375095								0.0012060830832391135		
1902530		0.0023796479889771965	0.0028675292043896876	0.003002697758151969		0.0016260791188973055			0.004673551735022393								0.004628662441281239		0.0014449017843521288
1902531		0.0019354099714412516	0.0004426658927243168	0.00041384524143144903		0.0026773119811995994			0.0026089526752906657								0.0007864203781954734		0.004923577692768995
1902532		0.0002580680067528623		0.0005934635632732709				0.00040287228240674635	0.0007352916918806959								0.0028870813106874767		
1902533		0.000550747664470245				0.001390436394663358			0.0027818712796730868								0.002624922727708138		
1902534		0.0005748570550374283	3.806687909705914e-05	8.973002065972654e-05		0.0011865141046835384			0.0014140227654634667								0.0003406689942595844		1.5842728709809998e-05
1902535		0.00164464969590789							0.0034622415857159545										
1911302																			
1911303		0.001883238487820655				0.002349963173296256			0.003772424047061471										0.001964260025071368
2019416		0.0022798840384473497	0.0005809661741478248						0.0017224855250821977					0.0045944650587507845					
2019417																			
2019418		0.0019700297699591224	0.0006477115118103225			0.0009924304518763465			0.0013592199981173631								0.0015254332321613553		0.0021912247646637246
2019419		0.004053334379188899	0.0014851969766078513	0.0013307705602515624		0.0022137670072128563			0.0021982754329984305								0.0018917397697485949		0.0029215423143745508
2019420		0.0019253293215662358	0.0007389086228970752	0.0025915807544761127					0.0018178091845435177										
2019421	0.0032975610979290226	0.002728639346072386						0.0002778378044639279									0.0027540621439128203		
2029653		0.002897741815369033	0.003172013431305873	0.0016989218582541858		0.0013295979472502683			0.001495244750572762								0.0005671947794111902		0.001441421192893639
2029654		0.000411854472745262	5.8021921980310077e-05	0.0005006919102134911		0.0012078834888882572			0.0008259068568805415								0.000852565222389215		2.6098757699133494e-05
2029655		0.0033055790547762737	0.0011865487789584097	0.0013103676814373822		0.002194272896863671			0.004432817340479067								0.004553452716101028		0.0008755540402318449
2029656		0.0011872158471544266							0.002348446954331402								0.0004342463969445822		
2029657		0.0005351232857448727		0.0001849157157959682		0.0006312306024278875			0.00015979047772013156								0.0011906915089191054		
2082851																			
2082852						0.0008150367859871617	0.001427580625458826	0.00030167253615006316	0.00036675945578245315								0.00035412861081476606		0.0017378237198501373
2082853						0.002767049491861519											0.0034841644332553397		
2098398																			
2098399		0.003440472605667887	0.0007333123757147106	0.0020273497080661876		0.0016937803350675115	0.0003064733134591354	0.0001662846433752531	0.003308505151182746								0.0013542452955995655		0.0017815693945186864
