corresponding_gene_call	D100_OUT	D11_OUT	D17_OUT	D26_OUT	D27_OUT	D2_OUT	D32_OUT	D34_OUT	D36_OUT	D40_OUT	D42_OUT	D60_OUT	D65_OUT	D71_OUT	D7_OUT	D85_OUT	D87_OUT	D88_OUT	D92_OUT
22282		2.3364052397030073	0.27167329327547857	0.16330734877973477		0.30330503898846073			0.5558920501335284								0.12953094239063254		0.24736809861159614
22283																			
22284																			
22285		0.05225594307875476	0.009573985463304702	0.06820910023808663		0.04214272899839063	0.08188267882153949	0.0016808296879747414	0.05028879562837044								0.11257359034115129		0.06571085435404266
22286		0.039402473555947476	0.16984281592578807	0.25735101389202836		0.08072730476314731	0.258154573873177	0.011895039414417557	0.056355871122492414							2.271333543344281	0.04156480101123532		0.060184651244943425
22287		0.608735437307861	0.6127997726771011	0.05117461791374355		0.39732877240563036			0.38369159458029384								0.2082937168225887		0.7671131587910299
22288									0.03654566958657133								0.47286269065618636		
22289																	0.11975915952848111		
22290																			
22291									0.0022523039652250294								0.04273630885157091		
22292		0.05002965952402233	0.028217072430360424	0.2572908697384742		0.04662107061049362			0.12618804546373805								0.12259393379467852		0.07443150355565574
22293						0.17317754192845555			0.2023198382254218								0.13251422102328378		
22294		0.08004573720963223				0.07771999732946036			0.11411732324855564										
22295																			
22296						0.20314886366357376			0.3613521177276717								0.0656211442827415		0.05116767771880867
22297									0.02147370725258431								0.19399123199923554		
22298																			
51997	0.58383144707611	0.11635881203925455	0.36831796187530164	0.22636746880026948	0.5565163436105719	0.191414495921694			0.1427126911138041	0.44421491450369							0.14844391020908632		0.27408143322419337
51998		0.28691629272477753	0.23514300989505504			0.6398903795749064			0.12526206173552754								0.12598981811155233		0.4246925685229932
51999	16.98975563018203	0.207143415214964	0.2745691991110103	1.5547688825062782		0.22081491411217172	0.17759772153822034	0.07298019752617321	0.15797285505764602						7.019860792278659		0.2804390310996798		0.22862742692532645
52000																			
52001		0.07872671500204577	0.0769080008253944	0.07415897964720182		0.06158739942312716			0.06655669799723246								0.2110008748116473		0.011422030339208336
52002		0.20359911798367508	0.03367460521990803			0.12955108908789337			0.20378714481936636								0.04964134938035665		0.14401532192480576
52003		0.3251100189636796	0.4147521488363427	0.27795712015426627		0.3697505450262649	0.37406018828091425	0.3803032509816056	0.34317440829668655								0.919130153938696		
52004																			
52005		0.0803511651034204	0.051756413084484545	0.16949982123411889		0.1292180993629882	0.6566126684508501	0.049213227094054145	0.14956183640740775								0.17759018557546274		0.1914660139208628
52006																			
52007									0.0466852396930936	17.026190143530535			0.2821810129452881	inf					
52008		0.0404456821222862							0.32395154810517635								0.4505146194276981		
52009		0.09963045950732606	0.10740489418440723			0.11082592841943685			0.07621862478425202								0.09128048665647086		0.06647293348019423
52010		0.19092373956201666	0.43732808921143795	0.16927194159525574		0.15008875935958405			0.08662499359604917								0.35149335521671365		0.18958330486288485
52011																			
52012		0.08400734758294023	0.037008270908662544	0.3364748465547049		0.19409372725033544		0.3305448394857	0.1910790567144626								0.027514310960721454		0.28166221978600137
52013		0.14504668014779082	0.07233636032584771	0.06320040263791107		0.09963592014443659		0.0708283479552332	0.17221366116001185								0.34621770250872164		0.1904249342997929
52014		0.038484964024840265	0.12183842755163485	0.0888861481479574		0.06264138072332878			0.049047189387061735								0.0831273381973545		0.08556520362992276
52015		0.0647170933137496		0.4719684626301183					0.054568599054008765						1.8188232486342055				
52016		0.08799778407225001	0.19439247684181254	0.19651167338103118		0.08699115499613133		0.2068560251043648	0.168368819723813								0.04396212049060199		0.059552898751427746
52017		0.02728753318400619	0.03484485709307571	0.07342731054832688		0.023648789895324845	0.005906600114230605	0.08624186757952344	0.0432407492314131								0.04651317491348197		0.04827631051501824
52018		0.19062641953162227		0.0852798053134006		0.31177319050659824			0.1630960580378795								0.07015140020356513		0.21779974927852386
52019		0.24821213923982513																	
52020		0.13513031222167426							0.04953814877863706										
71429																			
71430		0.09874621241766994	0.026050197563023115	0.058815098515293485		0.09024094498087078		0.0035217305363299148	0.09220987898185752			0.1675429707664906					0.18295139339526276		0.2034352938093714
71431		0.026832432518733185				0.08438325406078025			0.021563102817261762										0.0029154144089647725
71432		0.11217810867297386	0.2846964632208851	0.22092775458860447		0.1639435050094272			0.11622025271903613								0.026907993828989812		
71433		0.06526412294003398	0.07826067337730842			0.04451358608962543			0.16788479881057494								0.19762205880748482		0.22891288628431586
71434		0.4196376761538848				0.48302248531074166			0.38016019110094945								0.0982595478996115		
71435		0.16823474059202864				0.14220423504046067			0.1255136665425349										
71436						0.07278223521988772			0.5241167951673233								0.19949349512718098		
71437		0.30682946242553516		0.17465449991847548		0.1656719111662265			0.30322244643577406								0.06475649006919271		0.32826782114979375
71438		0.036977970639953284																	
74891		0.6518005675848247				0.48221133299010527			0.14159991788826243										
74892		0.015553142222919706	0.05116282674182925	0.07894438414624919		0.20254082482463182			0.03139621782998691										0.08714462970843832
74893		0.056209102006994506		0.18343239329223393		0.15653848712543542			0.10811108482186708								0.2019422964743167		0.0359574406153224
74894				0.29430888390697985		0.25831747877403105			0.14729722380762514								0.14368353708362597		
74895									0.011474310093889772										
74896									0.16611435696486562										
74897									0.07980415793741928								0.14482173484543417		
74898		0.2730627776655244	0.47562515533652083			0.11111210329955637			0.24848961805648243								0.25984881184352365		0.1039861092585391
74899		0.08179113130861337		0.1123827629689576		0.07385647882991202			0.07428761523564685								0.4496247656898739		0.0332970407531967
74900	0.595678130021439	5.756047678021132	1.0312095567911959	0.9326610989796172	0.573300735020188	0.7804326590028839				0.5582806585066308					0.6039216220616855				1.8127582355879053
87484																			
87485	0.35311796552652036	0.1394285252747948	0.16589302252854402	0.09793746968942549	0.3176501679379727	0.12496602639514856	0.09603254333758712	0.08129203773408795	0.1109969093808539	0.27777157359447946	0.4612627387207997	0.7758202104967038		0.20675587688734529	0.3251474522291334	0.311626631433697	0.18100169044669204	0.29869604511709885	0.1704489212278481
113732		0.06050695059653441		0.09308325364535767		0.23139596777948357	0.022507245237103818		0.11746679576512295								0.17003532351756914		0.07334985277808236
113733									0.0936589864287805								0.009074807004896684		
113734		0.0631566061917732				0.051257263489395924	0.0012501580971417355		0.05762401355364713								0.2412124078111398		0.06705403971598446
113735		0.5032111791869419				0.6124629118370934			0.3969825145730631										
113736									0.13577969301881626								0.02194329006559214		
113738																			
113739																			
113740																			
113741		0.0031400389989987097	0.00751438488994624			0.01741497666618763			0.040953282101105506										0.0025735596147761653
113742									0.13583265254787022										
129051		0.23516433677814796	0.25565054649500235	0.121311593625979		0.6656767852008304			0.36993149242606893								0.14337948323345942		0.2066278810250202
129052		0.5499769621569722		0.404932563721359		0.8085917677999309	0.06615457254496533		0.6265195908505108								0.22169067287884217		0.8265562774925849
129053		0.10425155790315546	0.023924869593544774	0.03535319513732971		0.04025740498891563	0.004736846908088979	0.03141421680191678	0.05676283598738086					0.045976858890024036			0.1228598334564358		0.16986615481089443
129054			0.04350965396757905						0.1792901867930649								0.2122695569798526		0.14165595306039508
129055																			
129056		0.5102975530119858	0.049382845442951885	0.14512303242466335		0.24676897588164023		0.06604096752521438	0.3371318944065281								0.11135267405028285		0.2523609102154324
129057		0.04138061582009664		0.15029479515042982					0.018386824237686374								0.4616164346074578		0.05876423750537126
129058		0.11707377752077432				0.10794056044309487			0.17865482143277675								0.13394589194651121		0.0902159536987791
129059		0.08843384089364478	0.02661464427220998	0.18777009634691752		0.042118963305698635	0.04443221524773906		0.04895453452582562								0.27596045208257686		0.08767032555103985
129060		0.18546129258906857	0.23448572459390268			0.1917857718861384			0.0701191225279816								0.4982107368301567		0.15405383640834883
129061																	0.5095381676045618		
129062		0.03620365606371324															0.002507436145371714		
129063		0.2888052298491132	0.12010701641847772	0.10225059305989531		0.18233081810655338			0.4044999656098967								0.12492937090010578		0.8812314493778897
129064		0.1494813486846149	0.2852985075010934	0.2063890227481632		0.10085364876591277		0.19782444938898985	0.1536059685611637								0.10256953575562543		0.15590600121443463
129065		0.19640184494042062	0.16848720833991548	0.3389452148441345		0.18233483271180526		0.31219073314716766	0.12775407236436723										0.14168469168865386
250475																			
250476	5.210928274180003	0.3187754858581204	0.2635138694536264	0.11932133700468552	2.860751277496517	0.13568157577805737	0.271358477958917	0.4840873809537463	0.10873519616720825	1.0662287205803793					5.522646080674973	25.8664759116295	0.10363139224763537	2.021400778341831	0.08735806924148884
250477		0.0561866872620149							0.11961032101042282								0.0405024066886613		
250478		0.06427882941258412	0.040324885015507995	0.09884310858955332		0.17989466720871344			0.10331041724291595								0.09540571000769123		0.04623411055405164
250479		0.21979719997337738	1.317528937577593	0.23051516460273683					0.053645886759983705										
250480		0.05259959689662041							0.06306475674204791								0.21556232680708048		
250481		0.16327239114708741		0.03513543766489492		0.03780061686400318	0.06502894179394715		0.033717944148861874								0.7353816527220897		0.07779295836349834
250482																			
250483																			
258806		0.20969446958892074	0.43079915916798656	0.2732388051399343		0.12529185340358842			0.1124289161240367								0.2693518392956864		0.13329872117585317
258807																	0.4142935411815278		
258808																			
258809		0.32689244454169103	0.5455590953200757			0.26833752475959016			0.43676225181368616								0.41036776363477856		0.6625437394461614
258810		0.254630998312558	1.0945255758316996	0.19617261341515582		0.14337960692006463			0.1092525718860934								0.10548084355239915		0.20381798433866405
258811		0.00789639429140653				0.10083230057015301			0.06709779676677097								0.3209783691134045		0.009784948965040025
258812		0.36080121635090706	0.09282986279730535			0.43872236247960544			0.2870424630026742								0.09957067043286222		0.5505963351217836
258813	1.618593744459189	0.270486299060129		0.47232492107542556	2.972124745820135	0.07932411606045454	0.25711856882992057		0.0577525448450101	1.7285005356317003					1.666708975084472		0.906796850254661		
258814																	0.07600351522101491		
258815		0.5939154412498304	0.33328334451011754	1.4299307000697143		1.7504981835742552			1.0063028507760892								0.3029129248096597		1.4134049823078545
258816																			
258817		0.047478372708880175	0.1663701455392161	0.2153876791640658		0.10788061306386561			0.2784377889424161								0.11677532855441757		0.3591550958697932
258818									0.23376988079649114										
258819									0.7132093745049422										0.35217359508891777
258821																	0.37809246218986625		
258822						0.3687498105095487			0.1652317861292895										0.38097273891163197
258823		1.4167399368248894	0.5643639968776634	1.241126751650652		0.3710287010852087	0.9671552093000834	0.8797672424278634	0.6166806068369878								0.1727075221461109		0.7067509082157862
258824		0.11414569151295925	0.2909433166470378	0.1053999374681052		0.05383493230708474	0.11244042582416464	0.12284384893187841	0.10713695820162394								0.05019705093712252		0.08825616690703748
258825		0.14021792330839916		0.17041651488724271		0.19982651720478892	5.02762544783828		0.16840323768206686								0.18038958038432681		0.1931785441451126
258826		0.32019247384598126	0.652512703806526	0.2621210103538708		0.23045383267073666			0.26322970649572036								0.14669778454959798		0.15994579103604978
258827		0.2639609980535969		1.1611195545546529					0.2392485830188048								0.15567095617661442		
258828		0.002206568456988557							0.003519097330498323										
258829		0.01876411809610821				0.0007434012495492916			0.03533556492302431										0.0
258830		0.09538589546112719	0.4341577438872146	0.22976516847091327		0.1399907717510319	0.25105504675970314		0.13487153190664705								0.29314804946745765		0.7719171547849742
258831		0.13456257999942664	0.04464564810121853			0.1292481597188066											0.1827331560624369		
258832		0.36206169041779585	1.3328071184067145			0.5640981767896139											0.006178687322113973		
258833		0.49350886934617694	0.5224886554431718			0.9063827989839939											0.30704450445875325		0.8990543277636871
261790		0.47312313288043184	0.2515910456605234	0.04508573205015007		0.0		0.22758273448077232	0.3165206688675168								0.10459226723102356		
261791		1.7684470691682366	0.25950766562121613					0.03576494596108298	0.11857225190773231										
261792																			
261793		0.7053124380409015	92.68456735292405	inf		1.709099193793179		inf	2.6371811958792826			inf					1.4714280549899388		1.2417955596472852
262339		0.6349854241859536	1.1058029165321168	0.96177163767695		0.6012582667539215	0.5505619639495031	1.2059133676879599	0.6987759406870948			0.25812515158864935		0.4117490884290012			0.4979487112426199		0.6405035003854103
262340		0.24913489109691214	0.21543183392255916	0.9028467148696349	13.238028706902593	0.15494932562473865			0.30559259595151966	13.290722054584604			0.465235878092841	0.4734130610618581	6.254113573160854		0.7887111800931561		0.2556482740164114
262341	6.29434066186247	0.06157127408109689	0.12383309036533478	0.09175622492637639		0.07501158730508511	0.14719261897548538	0.0	0.07106951333593718						1.0134762335236178		0.3215516739628984		0.08723752394434965
262342		0.08374050941188714							0.22271870179091938								0.24077960803920856		0.0914419414047913
262343		0.14053825010266505		0.03481912471543605		0.10859897674776248											0.10256228557404648		
296246																			
296247		0.18679445222182056				0.30940562957711343			0.2878440926735872								0.18288857497875435		
296248		0.5360988071370021	0.1629596224481195	0.3569390289661104		0.482065581508748		0.3950397700223951	1.05418405555162										4.843477087972744
296249																			
296250		0.07132739913321519	0.08555614860096251						0.1935663711291065										0.05491176387574673
296251									0.2058635926669679										
296252		0.024226331893815563																	
296253									0.016519582546685552								0.3122000061944489		
296254		0.13673991457129595	0.4201729384117309	0.11980920959227875		0.11878501773236254		0.19416150741546287	0.07717848811162428					0.17306026368979588			1.1375369898822818		0.06864783528222504
300972																			
300973		0.20679847629100362		0.13371311082770299		0.12062820863169552			0.11873584493177519					0.14620701709922404			0.1553238571050576		0.38731709742903686
300974		0.15553448971463998		0.09977850238828694		0.1277820602761785			0.13488769005734183					0.4111534922421216			1.10996206110576		0.2473103646177875
300975	27.708461025361895	0.6252609895316862	0.17957082643026054		26.66249288965584	0.3865802520591123			0.23899057576301358	28.973991148842728				0.15484246414998457	inf		0.4071149668306153		0.2735012822664248
300976		0.13345723262720413	0.23302096221903268	0.12197007596699386		0.12997831855235095	0.1029581065085847		0.42610391408165293								0.09849173240358503		0.136294553587463
300977		0.14154932078443486	0.3620411323936568			0.18281736246401173			0.21888650438178886								0.1119699354865705		0.16219078907731185
300978		0.11313888763260829				0.07371064660127186			0.05153626353003529										0.11425314241717192
300979		0.4459531418989348	0.16761440824503002			0.3894731289889182	0.1545625360083637		0.42930925185164054								0.35601037977067		0.44689968781699013
323127		0.3454200528011662	1.0804984167168805	1.8919961972033648		1.1260873884389762	0.5811935536629775	0.5900221694991454	0.43011609346561913								0.8076072526860032		2.012708700442728
451861		0.0649337047699596	0.19168576618427804			0.07148203692309837			0.05518784657623848								0.03740036933844461		0.23318637897450553
451862		0.04371730171769689	0.04585634377449227	0.01059710121196639		0.0282803722327486			0.06498184135817385								0.05517531584913289		0.06664613940246031
451863		0.1189544143973514		0.31638048548765646		0.11588546333871018			0.1303954968889478						9.785448552814376		0.03646004562561571		
451864		0.004098979931112063	0.0016531896660084316	0.002259408891327368		0.00775662505141197		0.0008058582549240288	0.026689792915180803								0.14254824951801956		0.005989441473266216
451865						0.3336909623642896			0.32961450150525784										
451866		0.16156728024374592				0.21761184549561896			0.08175444886140258								0.8531003656758264		
451867	inf	0.2903758477898159		0.9746759125862479		1.0186335918453975			0.23354131254466629						1.5162682667485075		2.259706117575474		0.6613818479364987
451868		0.16805304303785085	0.16503440939695377	0.3253807476692972		0.3339718083050507		0.3360291096757713	0.4616611254354114								0.24471535880078082		0.09755600924372292
451869									0.12222066633779069								0.03487599222058148		
451870						0.027142129332250787			0.024225466084457643								0.0865943126029854		
451871																			
451872																	0.15843335349484322		
451873																			
451874						0.11338663103482065			0.25796289107894305								0.04487188091804173		0.13701778822611152
451875																			
451876									0.3181081743959793								2.7901699685804795		
451877		0.14167806487440915	0.20440142819254595	0.2273625360436387		0.15485525606846356	0.033350703968133284		0.06980636246247741								0.15865097062390662		0.037444843627925314
451878		0.33934253744311155	0.09270390587720853			0.05602975214074403			0.1701766858693019								0.18437507274211384		0.12147244192878225
451879		0.1616752914811523	0.09644212548592315	0.13422185454703475		0.07679624339014479			0.13507133458056272								0.029353200481988362		0.08528884216524683
451880	11.494938450155342	0.16163408226226475	0.037861147002682734	0.14255072816035902	0.10283577698448293	0.04575269971701743	0.27888277894462454	0.021620063315124498	0.08499793765140774					0.05848792540967232	9.822076356722421	2.819888904365245	0.1809112790279334	1.7657379371158364	0.07535513663475799
451881		0.09549012765053633		0.029885521578768132													0.1121997709997254		
451882																			
451883																			
451884																			
451885		0.14498709324102585				0.20506957590246866			0.02302125811565927								0.3279685630442497		0.22665245290423747
451886		0.16722343158774786		0.16988526377104748		0.07937539791171982			0.07094139751795926										0.021636919411852355
451887		0.15108206803154667	0.03802430261375843						0.04612070062081348								0.24671199284483852		0.037550958884005
451888		0.04415982044569914				0.0477799415607515			0.06762592036359022								0.08690790047599187		0.10862900981696878
451889		0.08831640350522393	0.014832037730182376	0.08182254068561147		0.09289977538788287	0.22772029170276806	0.023933041035278085	0.1960845759330662								0.14707582757893267		0.22524370109995545
451890		0.7102092187387307							0.851862186251088								0.2992383691471005		0.6302812856030007
462442		0.09622750480673097		0.06153200376912221		0.08622328457938622			0.06948670224929916								0.18854105842881566		0.027694594636050007
462443		0.04049413643511127		0.05844405105481644		0.03785207328211118			0.02624557218007253								0.14168966907040065		0.034869402627668196
462444		0.2084521934405772	0.07180708956926016	0.13000505975243962		0.162791456856562			0.29160911098915104								0.17451535085908193		0.2165615215213441
462445		0.19090086696454442	0.08188602583029367	0.07003902949810402		0.12334548663029636		0.0857554797791857	0.10694748271326375								0.2033986504498624		0.0972576009367986
462446		0.08832218779241127		0.11136756024003953		0.06973768667506394			0.17707700849376243								0.09682710369738994		0.20717825143405605
462447		0.1569670838645921	0.1392112924076288	0.1338739687723713		0.09231883292615481			0.09602403810846667		0.556225120096233						0.567099268630371		0.1464029766583929
462448		0.10719659948786518	0.07099840045661912	0.059844665453972046		0.06926285158253884			0.06167363056858223								0.1327189643000179		0.21772224023861084
462449		0.06853332426337956		0.2573959869775637		0.0024456713127873077			0.026116784145357105								0.28545341938350327		0.01292579300591904
462450																			
462451																			
462452																	0.3936391352986339		
462454																	0.09444351514645136		
462455		0.18419316936205982	0.7243450719944059			0.32569656020403936		1.1699245263642668	0.18730762700039855								0.29984095448091136		0.21099064557709526
462456		0.27111351718249455				0.21256666245390424			0.13865973822153516								0.07636328002634127		
462457		0.009078911647908909	0.0034021424087716393			0.005234783123097059	0.018677793119934415		0.018240447126466233								0.04413567685965019		
462458		0.25431753981671684	0.40460942596589394			0.18271827295140924			0.2084807645449838								0.15333718470228713		0.3319425192753987
462459				0.18827896280633102		0.2026054725211604			0.1318833705250285								0.05167352494252453		
462460		0.22591742261244838				0.062200474142292565			0.1416984267359398								0.5899858554492348		0.22128108835903285
462461		0.13785343705697334	0.0729689862215691	0.05253610693861236		0.07064009000574846			0.1290629858881203								0.37215378415636696	2.919489991210519	0.10856882224316038
462462		0.11552242021303084		0.037035012221739765		0.2273143414281788			0.09702918301874744								0.03991105120052672		0.10079245550792162
462463									0.17286582569977643										
462464									0.021741932388974487										
462465		2.441507624647663				1.8861215826182567			0.48425264110201954								0.2511730009328576		0.8623310745889398
462466		0.19057552536736574				0.12655608853387065			0.14666114872113678										0.2007863056908061
462468		0.006903160390080906				0.0019531849625246105			0.13320403190880933								0.2468893581881936		0.0
462469		0.2462248206963284				0.15132114462258794			0.6896543643777874								0.3179595672288376		
462470									0.19131666767951233								0.4135764489898245		
462471									0.11412954600622302										
462472		0.34757401058464593		1.637436449306145		0.5817996483510501			0.21499782162832246										
462473									0.022378283988366852										
462474									0.2760200347274313						inf		0.24506505789488192		
462475		0.1581038609659691	0.167914115262415			0.1487180074208704			0.1776204312244511								0.05329803086093033		0.18557401783712738
470287		0.23318399289282774				0.26777634509370285			0.13155136463857717										
470288									0.010773249601372853								0.3173556189987065		
470289		1.0230599239975835				0.5674744254768437			0.9738263643976744								0.6884319769412756		
470290		0.2835222018700671	0.00375217551454207	0.16084095802608186		0.17801802412659884			0.20210734010707912								0.4127795982741057		0.0018462398543913972
470291		0.027683216615919538	0.0031979430639609008	0.01675046699207504		0.017434849614404634			0.07282947654262749								0.06680431636936021		0.051238666087236144
542675		0.12141712016023277				0.0566035390778473			0.17137402000993968								0.1799486433421664		0.06090194436225509
542676																			
542677		0.2690117419375972							0.20354044683970168										
542678		0.2871053512622305						0.2693638004560475	0.13354512110617342										
691509																			
691510																			
691511		0.042079874647837204	0.009925296705786965	0.019441095212054657		0.0250949329322899			0.04095622096890246								0.11322346783047993		0.017668597597721578
691512		0.19693462771921014	0.0780473525716091			0.17783346784465492			0.10309675571649907					0.10222999447741057			0.13551580932247334		0.12957939974388116
691513									0.025705636802886414										
691514		0.09117124453348392	0.005167807245031703	0.1345241406412318		0.08604662283114276		0.0018693299134991894	0.06140129416137315								0.07637548878473174		0.08300175231342641
691515		0.030471243809203664	0.0997535762528674	0.01811078654601217		0.08376000409430279		0.0	0.05152120525384222					0.007260608919076488			0.0020222711595588275		0.035645084133330576
691516									0.4736354835051386										
691517									0.01800583977660521								0.017771841559050698		
691518		0.15985967407901022	0.21243978477298212	0.10078288426902184		0.19171062345792028	0.07647278567194359	0.15295873467863713	0.16169454412151693					0.34650298406716895			0.19186553425481628		0.09450497532574514
691519		0.253695718155979	0.2709709794587301						0.30799224688959465								0.30161169369039853		
691520									0.24552993727546332										
691521									0.14769903359998202										
691522		0.25275288636578985	0.31057072552322773	0.1595391995779881		0.24278487753266859	0.12946301858945322	0.3185138495147269	0.15762692878024923					0.5513006483724953			0.4904618695957931		0.13402247591668437
691523		0.09335619221756324		0.03429942209069586		0.06733348576480354			0.12621465152281514										0.10943617455951929
691524									0.06173674538915291										0.18977530679808646
691525		0.014386604175563422	0.0084953105100147			0.02648472895008814			0.0796255622250474										0.04087544349571504
691526																			
691527		0.012150820660702505				0.02640204832265538		0.020049994444488885	0.05118077691024888										0.05143871631846508
691528		1.9590623230081774				0.21912907113090355	0.027519959225478684		0.12402348242875623								0.09236770714616972		0.17576194341332604
691529		0.340111605357772		0.3950367439689022		0.23676202075976507	2.7683145803551255		0.15225694431353168								0.11141543076185026		0.28475490658942365
691530		0.2013341854780565		0.3005745737930696		0.1767434845073644	0.24973067767209886	0.03796249227666854	0.16043758909910869					0.21266268906290103					0.20489033403179563
691531									0.14694191472142215										
691532		0.019921014654308934	0.033530833655890255	0.005072600498734787		0.07791148881670609			0.1114673331343341								0.05368528385448979		0.018647916059211903
745868																			
745869		0.012134588724193929		0.012872691193473718		0.0020628337938497924			0.03038652040289764								0.10555843972584696		0.0009767968980147414
745870		0.14707090691613617	0.17078541672800282	0.22980863235306356		0.11230294538298478		0.22933427236201226	0.3234799880064664								0.2600709725958327		0.11565026951031453
745871		0.09305001404133206												0.13101645678994936					
745872		0.26028107504662684	0.2704244443782682	0.1573274385623122		0.1904795487945851		0.22229845578029883	0.23479297865564816					0.22834988271971976			0.3623848654526919		0.4166513509116303
748541																			
748542																			
748543		14.834656845102238	7.481453744094579	35.73331519671763		15.249478263329987		10.707897143021745	78.18778867008152								2.437833749104277		49.63827320320954
748544		0.024795933929059297	0.017708096360598686						0.02407632711719033								0.0049476108513523106		
748545	27.874492503833128	7.247909447214556	131.01641394922305	4.2966660567360995	51.92181800665927	inf			0.8345864388280051	21.143424305142176					22.988938301573228	82.49590627886259		56.524520783140034	4.726333437738068
748546		0.18335003665327285	0.8433816584400565	0.1975768164037876		0.6670671289421659			0.23738071607197686										0.12733134600131063
748547		0.133737603372283	0.049878856353299486	0.13328455309510134		0.14776423121649326			0.1432017599588243										0.17676428988190632
748548																			
836353		0.10508671575208767				0.09182034045027021			0.1917556912744192										0.08521426488827553
836354		0.15878386355019186		0.404457388356548		0.194139727710302	0.026604176374766825		0.17545896287139667			0.1191165042462366					0.016825374052433013		0.1377841532455363
907063		0.10330753621760974	0.179103526893051			0.14886542088479876			0.046486473787149034								0.07484939580115708		0.18079901221475828
907064		0.002595515813728535				0.003504556229586899			0.0061605519159969825								0.0943485545703195		0.009867696405244323
907065																			
907066		0.08949446990727532	0.30902960763952203			0.15969008445404811													0.03200913409065011
907067		0.18151936564512464							0.059817047980487814										
907068		0.924084091303271							0.25643957800198314								0.37220192499162996		
907069		0.10806241725484765				0.1777672909160848			0.23287172602356868								0.17607203297004603		0.09984405969888151
907070		0.6711448545877262				0.6209675679855222			0.200876561142772								0.10539026435635887		
907071																			
907072		inf															0.28778959991871117		
907073		0.7544494841156981	0.799262648055603	0.8680066801978485		1.4500385551768649		1.4360750258277	0.7906608994912091								0.14443226453754654		inf
907074		0.16570823541427468	0.18536272926083772	0.24611550045767985					0.24938634677558522						4.034253964119133		0.2631687491543599		0.4115641272279088
907075									0.22710185734619162								0.5631741597292845		
907076									1.2968247043387027										
909451	0.39624769802997756	0.3287386662886815	0.3770256958934138	0.42853241407136644	0.3915887123721644	0.3243853696342022		0.5480329910970673	0.21842000556888463	0.40113221081398986	0.045986063616226	0.1959960652931654		0.6911059654885909	0.3875566746254346	0.3746833832263145	0.6070960918252912	0.5241885013667621	0.4007137135400432
929210	6.485828058208648	1.121703549521749	4.230644457163949	12.39891094659735	4.734012965665283	0.687202689395116		5.633561259218572	1.7505252104968365						54.10680639663804		0.5319251283403706	0.48542918815549335	0.30772035500276573
929211																	1.1467415539561585		
929212		0.04435987371870972		0.024667866445562396		0.04161778383815755			0.04149497066273278								0.008012611646487935		0.06687470034695767
929213		0.07403744705973588				0.0407520248742515	0.517367147974218		0.057975959518483305								0.14485749632655148		0.1736733516430419
929214		0.14561577641544066	0.0125787639652605	0.07495658472322886					0.29769046655210074								0.7540551618090326		2.7723229840447314
929215		0.0723510004335228		0.013268505557740076		0.0629001406415577			0.06686639555832542								0.08219461099623764		0.11242776789639516
929216		0.12862088551746936	0.022331173942937908	0.0690853633057317		0.1186690258250994	0.14007449627406	0.07994005091636733	0.05702063627157811								0.10797450214894067		0.13164785294710288
929217		6.337073155281988		1.009012998040178													0.11597990502559453		
929218		0.39609064304352776																	
929219		0.09818692240235316	0.09309270249518756	0.09817982549411647		0.03134708617432875		0.007060112432391657	0.1025556468594595								0.07424818569256961		0.07124272211756823
929220		0.05361100316143967	0.08388243571166681			0.14118358242730703			0.0351413788835942								0.16961116998184056		0.022222512545181147
929221			0.07551573149048733														0.056685697496669796		
929222		0.21371025745471528	0.08802201523066636	0.047801476763994113		0.25168334084959404	0.0901094903480279		0.20025198262420538					0.4087824134573488			0.3947330067312792		0.4675423872098239
929223		0.22523175557070207	0.3271302626470017	0.274822749378144		0.6705529161081378			0.3329525130709851								0.18633200876772613		0.5596521615729799
929224																	0.07487825395311311		
929225				0.05428015772194808													0.3068156083354437		
943037	0.858934739832366	0.3151563930716616	0.6394148488979265	3.5987463803043576		0.2903728150144003			0.522781685951133						1.0791361288004833				0.3880766326997567
943038		0.28747548220232555	0.11562659615213172	0.027919484374532025		0.415502834276084		0.0	0.0912527518410923					0.0			0.08088730310276185		0.2196748635254338
943039		0.41859934962337747	0.05728372764104096	0.2423034671324546		0.527851074967593		0.23301868408930812	0.24442517523503499					0.30823676249723647			0.2004786316192814		1.4096086000529087
943040		0.047848873002386966	0.0134359700065116			0.07941475901772799			0.027342883033157125								0.0035661753405657765		0.08488062887310875
958277																	0.028391919339823102		
958278																	0.10077027091660341		
958279																			
958280		0.0030830007112872494		0.01747495844574548		0.0049053851323253555	0.0015794948684057584		0.0021063430215370106								0.00911646793133054		
958281																			
958282																	0.009939958658158686		
958283																			
958284		0.5152489295538998				0.8928928122874091			0.2908811132612727								0.151236113934874		
1004517																			
1004518		4.810550768737616	2.646689999735739	130.93362582863313		3.1551018082917968		3.172877957795854	4.10839990316072								10.876582664202992		2.6212873853273275
1004519		0.10945357720763887	1.4628555492655229	1.9162389503353499		0.41556995668906765		0.33484291695631735	0.15382934655933658								0.16221882430132586		0.4706134614020723
1004520		1.319613270661308	0.8527300905318975						1.376528693762606										
1004521		1.819983177876733	3.9256914260344824	2.89210365870117		0.6487366769387704			1.6633055424470444										
1009719		0.0845916182020793	0.004598456758942232			0.023284261166768253			0.08475775336591536								0.04237236128785047		0.05809199288027401
1009720																			
1009721																	0.2740883207133582		
1009722		0.2968429995746608	0.026427815699293852	0.8817699522696576		0.49220799722028763		0.0	0.3240837599417273								0.05416464291763137		0.27196461243599324
1009723		0.1438287216057105							0.13988282831410823								0.11854362120246967		0.19498297688374933
1009724		0.09572095957698162		0.0070677090185973885		0.09992572213733325			0.05973463224495011								0.4940476338800863		0.0977673223191977
1009725																			
1009727		0.04497598192117965		0.0670813629847522		0.061639967299686446			0.03950586482125449								0.06383924291826017		0.03470162951696159
1009728		0.35027717322895435	0.4599834977583588	0.6075321413525837		0.42109603412731567			0.39193493998696116								0.16907830955080316		0.4875641602927484
1009729																	0.00384110984116517		
1009730																			
1009731		0.259999258592829	0.03556665450009848	0.22700731447093792		0.24435414530160637			0.22444448342995865								0.5631250943233661		0.37450172973173335
1009732																	0.3392674099873105		
1009733		0.11205410277609025	0.006770047256042373	0.01634329077136244		0.11528897541686578			0.08039817291584449										0.09213471459679734
1009734		0.13856355033160084															0.1360828461454277		
1131704		0.11433298291240508		0.09841318784881775				0.0619711133315638	0.22399952009958618								0.1284790990996393		
1131705		0.14057662889877717	0.07998599154997606	0.08961199395125695		0.5478920140894398			0.1260339999556093								0.015063862923562776		
1131706																			
1159919																	0.13250030566628845		
1159920		0.16137452402245933	0.16972348083964606	0.16885219891199751		0.25527186803337887	0.12664652382582936		0.2653771960538379								0.13994694731650903		0.10177000733837535
1159921									0.008417686584733538								0.0688661207086905		
1159922									0.09656550580450829										
1159923																			
1159925									0.03873420432100399										
1159926									0.11851782306806637										
1159927									0.008021033076798974										
1159928																			
1159929									0.48616796231755705								0.04720486962326873		
1159930									0.18535437563809287										
1159931				0.003321636667355996		0.020156173426403873			0.06259494510653123										
1159932									0.6002603016776707										
1159933																			
1159934									0.024800962315405406										
1159935																			
1159936																	0.011158055341504127		
1212842		0.1698140295281166	0.003719551114515687	0.186035318213112		0.1310648178559163			0.1955073145936275					0.7787069139107361			0.030419920289126153		
1212843		0.277361649953186							0.21773814489049945										
1212844		0.24210798833454272							1.1498001572647882										
1212845		0.03622375803172464	0.07846951298489951	0.056762565282702744		0.0893206093931944	0.03337154807926748	0.019189751204053116	0.08107303769033083						0.057514529321310556				0.18409625573000873
1212846																			
1212847		0.09007470250015386		0.6584828223093723					0.07269111161388199										
1212848		0.05568270712889474	0.003229421607719295	0.08985802718812513		0.010264478302512795			0.13511376694361993										0.0022484968151977426
1212849		0.14732946666438085		0.036742638889827914		0.04561543044152332	0.016249427658414833		0.08109876104297221								0.0715229552928068		0.04534469353044216
1212850		0.37448057321426365		0.10697910114627468		0.45393246223759837			0.2894051708551956								0.44087215280852726		0.3927130125519475
1212851																			
1212852		1.1795321397615566	0.3926146414548888	0.8133201468457607		0.6592040845335417			0.3676774857292113								0.03429767744541076		1.2358941306615907
1212853																	0.08700862173160828		
1212854		0.04300762786869463	0.47196621903288116	0.10631722005647123		0.03282996058260873		1.701315911938329	0.05193428302841733								0.023813228437745717		0.14364198495424946
1212855																			
1212856																			
1212857		0.09658816988174741	0.5527990337055086	0.7872318720068959		1.4962700755466023			0.13888936275186586								0.013929776608950784		1.8351098345536276
1212858		0.40059015653009905		0.36124505296538933		0.34472778372037777			0.4467997186882163										0.37776971918056906
1215296																	1.0590695877447898		
1215297		0.21707551010559958		0.09545129464449702		0.1885311487200165			0.3078448089364948								0.04974950093971703		0.2591056602455394
1215298		0.47809297068430506	8.949591735769562	0.4807910485394124		0.4766457201679145		0.6520942326333437	0.39048539839141344								0.5180215007877874		0.4574593686251039
1215299		0.25574307179390426		0.19266753070605255		0.10980648249670275	0.2578153543775117	0.0708114079938014	0.16312754557844483								0.5740337617333534		0.2203812866474918
1215300	1.8515758710199643	1.040634485255283	2.19477292467735	0.9534784725147322	1.6364696919245656	1.2450923452928775	0.9002516729474823	1.3692041933024117	1.061791372421778	1.7058622565480794	0.7739729355779584	inf			1.5848660790864109		0.5903013075740431		0.9789333420716145
1340766		0.20731255282841213		0.36644660685465585		1.6859446524312198			0.27206084208239495										0.8699779726946164
1340767		0.2662740341186317		0.3555377525697866		0.2858134383906187			0.4130150146585348								1.49534115192764		0.28499704825824185
1340768		0.1254846322819991	0.6567173473024496	0.31262838513890523		0.2080332594281303			0.12014735112442297			0.23832890741140705					0.13586465812713375		0.8284545812787639
1340769		0.05904090455378959	0.06923062013545198	0.07580302357199889		0.10966795450155511			0.07487036807192864					inf			0.3409313278889064		0.02096980681390393
1340770																			
1348277		0.2035874288757081	0.23927209239327976	0.1103028051135149		0.24262381131580238	0.007364335564150358	0.044378625656256644	0.09721349735569185								0.13168828087235976		0.1933393302746455
1350770		0.04386707811135103	0.23654404733344067			0.02054255572823956			0.06447116388327849								0.03674317384764022		0.0035854616224628433
1350771																			
1350772		0.08824678753456985	0.19100696913601306	0.10185389185003996		0.0820367251695448	0.2614405284520183	0.11346449387832741	0.06007805730817045	0.002128213399945681	0.11557363615476499			0.03075865582983123		0.0029856772969281313	0.024949381039679717		0.18524426672601538
1350773		0.37524545448896873							0.26900705119202073								0.23203854691762624		
1350774		0.36800616707568246	0.031317590858441796	0.10947537135255417		0.27131661437945614			0.1501595211030838								0.14928882342599023		0.19080907413079845
1350775		0.1330098107865606		1.037099110691644		0.0681331976186377			0.15691679056424002								0.11949456907355467		0.2751927397379515
1350776		0.20298376816538397	0.30237323063171084	0.3422787972569413		0.44788337733999145			0.25638347834722686								0.720743541005556		0.19696423870011778
1350777		0.6124854158671338		0.14652573464126672		0.29098972436216775		0.0	0.41064737521702743								0.12493147481668276		0.1900280745569253
1350778									0.516276264101397								0.013657053852451691		
1350779		0.0687104808372134	0.0632966937891449	0.06301821594828605		0.046478226815048415	0.32385765909632797	0.0022262819722565727	0.07543761326245327								0.25204664752502787		0.06139225141336066
1350780																			
1350781									0.03348041233689776										
1350782																			
1350783																	0.08067350685629425		
1350784																	0.07730108205044176		
1350785																	0.07332077006893649		
1350786		0.13302744924434382	1.2175702797005397	0.12064685762443823		0.1310061805365052	0.25786868718718486		0.15450707402546984								0.08969746195639762		0.2242546833562384
1350787		0.049973183869122945		0.02276434030742156		0.06921188363410728	0.0064766572720830785		0.05543891460325399								0.05693544153531012		0.03187971501926755
1350788		0.46771132376484725	0.18409177589461692	0.2280933187044443		0.4336425718358562	1.534269548498757		0.43165705138511534								0.3872442326953213		0.4543921433079292
1350789		0.23601971373613023	0.14551845977823685	0.270584218699432		0.20470073202002378		0.43978195803351694	0.15630155111185354								0.1329689741118768		0.24699590372166114
1350790		0.28165206187424424	0.41988300331244477	0.11738072579563563		0.20038974365827694	0.2875460117511214	0.2667608494516199	0.5201407648431513								0.3111044754766183		0.4243092893330857
1350791		0.11448181575964479		0.08509372813970756		0.09149262864286561			0.17340963653837063										0.1175071865153023
1350792																			
1350793		0.17742417777154185	0.09236399553645826	0.21594819518492908		0.21716029666536238			0.22101568308789404								0.2310722140016456		0.1462763617498336
1350794																	0.0036483926613613883		
1352383		0.36705545938309514	0.1403368244480213			0.4565393879928615			0.6451083923073324								1.0596894282751856		
1352384		0.10582527098389434	0.3083705336519818	0.2942382139044992		0.10532847370251272			0.07234779525153513										
1352385		0.05390925700314055		0.03225050225306556		0.014431235243031965			0.037051800639756396				0.05531753952364773				0.08980075638534718		0.1212574649689446
1352386		0.1039033477777802	0.5510061630966281	0.26603353211664		0.14530190697621004	0.02306383879279824	0.45878181808148877	0.06999792975035304								0.019529812138066413		0.09559222555687306
1352387						1.3792207225903022													
1352388		0.37713473379947793	0.06597512108607377	0.1983728186059363		0.23041566967712282	0.3397092350138343		0.1674569681144636								0.011724227233433802		0.4789922369270025
1352389		0.5051110219668248				0.6424755059379552			1.0229324291430886										0.13070892638200277
1352390	1.430529801792209	1.016660874060145	0.20428206310472685	0.487466999550005	1.5749394569242372	0.3432171965847415		0.07860016744078838	0.23831320407602935	10.323443564955099				0.1079792468831401	2.012971842255272	0.06678593861068677	0.15116615142249157	0.9539403917189563	0.5969685912917498
1352391		0.1376611225277992	0.0473510796246468	0.34982348029910226		0.1899201404714673			0.18779148177570879								0.17813520169081837		
1352392		0.1073661738208839	0.0947141749295866	0.014709444228813456		0.19666119415810454	0.022486547466366583		0.14289353174687472			0.0					0.20486293504352926		0.05155779913809905
1366054	0.8960873679899917	0.5957711161161295	1.4849004931468819						0.9215476272616034						0.9808284581058643				
1366055	3.835118948153471	1.4433375864260196	2.6730914558681764	2.1159087350233516	5.391444809958249	2.5386903031669603		6.669321128110621	1.825457723212085						3.978158141319361		376.88619701077664		1.8640199906565638
1366056		0.034762747621357525	0.08749023954025544	0.023249686632587453		0.130926546054232	0.10758873709798239		0.04365456598606407					0.06838719175052752			0.02895770706058371		0.5533842393631784
1366057		0.2971027675227816	0.28944699100531224	0.09506411491140312		0.5151828622070923			0.2588263143303598								0.12998480143646893		0.2001891958527119
1366058		0.3067615649750418				0.1947826897650144			0.22287549778667992								0.035586446413070065		
1366059									0.004149369762007128								0.04724258346117985		
1366060																			
1366061		0.23270054763220824	0.41742984886131684						0.09001766117496582										
1366062		0.37479526068063523	0.5358090608608851	inf		0.5171266376087639			0.2653348123050317							10.155601344545506	323.14460500306353	inf	0.2644511883470788
1366063		0.013283450868330068	0.013145397618378659	0.029896945371787265		0.029782111625575144		0.03320665496264048											
1366064																			
1371994																			
1371995		0.04279913936085542	0.069765429846865	0.14733478407901945		0.025940804082701004			0.055460224530294644								0.2668796017044634		0.05888104052967961
1371996		0.2647985726003034	75.30250953770572	48.18843458112052		3.0228895048521593	inf	inf	2.013750706189517								0.25378659834965567		1.7639044447727203
1409095		2.370664776692707	1.4882480854207254	7.242893601252337		1.368038270517033	0.6293114590849613	1.6437212377487287	1.4244829894508357	0.9328768497097496				0.5869007160008625			0.9350100743590615		1.1810240228063766
1409096		532.6326822722999				136.13191106197098			668.7020520336829								0.29972478407787234		inf
1409097		1.0675481592948373	4.206015918094698			1.4436665419369625	5.659949972206824		1.447853538707674	4.402261601834875							0.5976854739622397		4.16411902438311
1409098		0.7967760856551878	0.6526845427179692	0.32761281088707095					0.6596756501293658								0.3383936491476281		
1409099																	0.24762154493719482		
1409100		0.06339170374701672	0.17397909404384862			0.16082878538121384			0.057367910204286304										
1409101		0.2310306168292393				0.12590741566338287			0.19035295861833607								0.758145536640494		
1409102																			
1409103		0.28441528749669676	0.10026619575923952			0.1410764651890972	0.42811094492058965		0.22523470179722105								0.132866014723329		0.18358609201405449
1409104		0.05495823380954116				0.6365968200614195	0.5024328361803163		0.267039311500142								0.17955100580307512		0.6059580164293825
1430143				0.12504153466722356		0.06496547181377187													0.262631115668045
1430144				0.33270542875710785													0.1588375261228962		0.393158067422837
1430145																			
1430146	75.70952697661892	0.7879626580882035	0.2897095583376378	0.15212944152376848		0.25744266303424035			0.6292777802355677						7.860699361217038		0.5844148442680924		0.25111236461259456
1430147		0.146673017033432	0.10534658578671081	0.17871919119049384		0.32001965842421326			0.17792679956494933								0.5326878037945251		0.2621013123568817
1430148		0.005826237643907125		0.005084905502235409		0.003907757004509722		0.0	0.005319012621928861								0.09026792547353785		0.024916053126917935
1430149		0.08989274348609766		0.19250438947879536		0.11930546701389028			0.14768474667776857								0.27146693967555885		0.10938548952425102
1430150		0.07980831200524102	0.005631129012473647	0.0542071723958525		0.09909453955233823		0.0031434677394520296	0.15007321513816985								0.04198469237074005		0.13000835340776673
1430151		0.14777770130857312	0.47151494965374496			0.1036531729059927	0.40170508092295043	0.07711020071183138	0.20240736056596667								0.31738153759231963		0.3652459124045789
1430152		0.32609330350686905	0.3137568902156231	0.061083517726421475				0.0016613777738613456	0.121578839947307								0.0026898656263775918		
1430153		0.06771410177825338	0.009912802039754495	0.007363674031881919		0.03680683774122172	0.2555546680429793	0.012557990341931639	0.047617244821761724								0.0625278840582794		0.07067037792947954
1430154		0.22259163474105106	0.14583710665892452	0.3031224740087186		0.15463179606071517			0.2028419032885898						1.1969860919528952		0.22491805958326994		0.2309513518663402
1430155		0.17626820919473699	0.3564004099135064	0.16534494288299587		0.10031179486133127	0.23405123276224118	0.3095415021346247	0.05929009694417348								0.06046508449702326	0.3991360479412608	0.35451393079813065
1430156		0.3792943553527321	0.3006995356919326	1.5389403830001178		0.3347905132057726			0.22338234089738382								0.06565962719775022		0.2603411535538322
1430157																			
1430158		0.0743930871914966	0.043267746989576576	0.017131098820085875		0.10530044509628489	0.012632095008768123	0.09010434257499972	0.0844665995970949								0.15312279038240528		0.008472207374181135
1592604		0.11397807247197557	0.041227160524190974	0.40177486950436353		0.04708491641871486		0.15199925079147775	0.1077866064605713					0.08880464822759394	3.010743303919873		0.2183832939311804		0.19821788127924486
1592605		0.22995801017655662	0.013495199585227883			0.0789944935011212			0.13318168533262584										0.424122641361909
1592606		0.10717195977457653				0.13670385009908792			0.08821636847711543								0.09515715799895806		
1592607		0.15509075869681963	0.026961448914100294	0.19940672471779483		0.20597063430825982	inf	0.03216482242594462	0.18414063072213427								0.09576176735004929		0.2844433810871831
1592608		0.05593500061950594	0.021011960501111076	0.01855217475581519		0.14433635158790187	0.022213640832811927		0.10210885901765272										0.012861837504941168
1592609		0.06577998948117449	0.061596167043831945	0.13813512012686996		1.098891103900915			0.14429920527461262								0.15524593055431254		
1592610		0.28232731819953616	0.19216695892838714	0.29507352724194896		0.28869767884775543		0.30851948641878146	0.334675285863619										
1592611		0.3150917778873984							2.1114406554351786										
1592612		0.1413813023637719	0.40401099910265004			0.16497706310649413			0.1303138029365263								0.3685528030392526		
1592613		0.1909235980967073	0.03159277967238864			0.1816300447568471		0.044444008029245766	0.21700170983318576					0.3989513314541557			0.04542718180328151		0.10947449850435016
1592614		0.15269731740604747	0.02956345216630531	0.11391541570486059		0.15701877341290352			0.2658655533600501								0.9605725982320005		
1592615		4.0983843274106215	6.761197190932061	3.315569221125425		3.876881045217779		2.1028310323866606	3.0729415310987744										inf
1592616		1.8323993221153554	1.1478863651178262						3.4857020393356004										
1619105																			
1619106				0.01266502500987627					0.09821513293645043								1.654834470207044		
1619107		0.0789749561158374				0.1370933433904091			0.08926550692969198										0.13101116980413657
1619108									0.1512433296005443								0.03970410172865726		
1619109																	0.03199302681568524		
1619110																			
1635481																	0.05305797032589628		
1635482		0.3506496979541519	0.25710294383308596	0.13158651026750443		0.2607298722303499	0.16239777188540727	0.19335763118320656	0.32810124114569306					1.5550417333462023			0.8214109985168837		0.3935129818141919
1654858		0.2255235048240997	0.2688409274391701	0.32520487522340114		0.6788165104358272	0.05752376343215213	0.36961749187169185	0.3633143753641844								0.0709645316813301		0.2987353833641341
1654859		0.09254132316568822	0.0847921307921676	0.044465815388079304		0.1534302526986259		0.20858878436858358	0.07261723462676427								0.2812527055947731		0.03434329871141759
1654860		0.0629208231763689				0.059575844864870484			0.0594398566363458								0.25392619869484706		
1662247																			
1662248		0.05004339686732423	0.0766172684457895	0.12320742165596466		0.01433632206188834		0.0500929451939133	0.11528908408623514					0.14225011863691428					0.009601045014558123
1662249		0.2404874418738682	0.08236978705970013	0.1341788040658236		0.19650313881450338			0.1686708576354383					0.2531486467684014			0.03548042778373056		
1662250		3.413621409387895																	
1794728		0.10132312361910598							0.19215728993211895								0.12121632897856335		
1794729		0.039171298792841966	0.027401740865833846			0.061256579863911025			0.15772432673642978								0.2361564725012983		
1794730		0.21959205429157094	0.015724632244913602	0.1949695574090537		0.06877023071032787			0.09695824972100439								0.08856897546491144		0.07966494067537971
1794731		0.10413146190234211	0.21651922360452755						0.0574334279020847										
1794732		0.053259631454261075	0.10138624358911433	0.07214605427785356		0.035956328267468744			0.17165680465493136						3.4553099646212297				0.08691390197597272
1794733		0.11349042965234422	0.17948188208600266	0.24135010599494114		0.03324821589259004			0.18292043737043048								0.23007287342494376		0.06902463226004078
1794734		0.05731717012169273	0.014771707351033987	0.01123767929645557		0.0498185071006204			0.10269229266316131								0.07913478896647555		0.031545837761592865
1794735		0.00350825581186349		0.005767293767086846					0.05926792535389638								0.07382908439435863		0.05114035947547816
1794736		0.47953032455703115	0.03992600351967912	0.03949520774520598		0.13149590747085435		0.36203224226738473	0.3832633034356428						1.1844699618919283		0.6996607676872875		0.23398151009079207
1794737		0.975737265327938	6.395378179602956			0.17277737668874274			0.7598788369092507								0.3102557281201972		0.1642658289286911
1794738									0.014175575597669165										
1802414		1.456221081064866	2.1799800208418305	3.1689062216113273		1.3070826067405095	1.2694220396152696	2.227194729315056	1.601886551703293										
1802415																			
1802416			1.2572991179150395																
1802417		1.06006813479928	0.23402704096147878			0.46024003748064135		3.747962382445128	0.9925093633818728								0.31587607379735333		1.3990947950941373
1802418		0.06638872601009296	0.13318718505394356	0.023188272801903862		0.0914148134809803	0.050809761294678596	0.09691940354242862	0.08800001830387956					0.006496106229643338			0.11729709520291279		0.03965790343864805
1802419			0.027280378546994794						0.06035989461815544								0.09654954189046876		
1802420		0.12243039478470702							0.12628857149254646								0.7181660266274884		
1802421		0.3991228017793738	0.3863792157941767	0.1855217105898748		0.263741005583488			0.22598331796805218								0.35532192479634284		0.28100889917375593
1802422		0.4736756317907829	0.31910931319309893			0.22462032653004207			0.5073235662538613								0.05563228052077964		0.45231564848618006
1802423		0.2645274042465089	0.11881937008005357	0.1890382279578524		0.2897530745732148			0.19962105108183234								0.22999405836239478		0.14639306209370984
1802424		0.24332464405842263				0.17968158954202296			0.19832956989686623								0.1004702379291671		
1802425		0.3490599151739371	1.2051581572302537			0.5541740714661725			0.21658148477935166								1.1730551985148785		
1802426																			
1802427	4.588716805948441	0.0983395142769107	0.045565749518544675	0.09059586622760674	inf	0.10750954412063149	0.8297706653478076	0.1954723627736851	0.09340654572871628	inf				1.2018513163163205		21.276130966391893	0.23185011636926625	8.123559622875252	0.15008372691862465
1802428		0.20463220282830982		0.1599155342893139		0.22103884660726486			0.09664410031694515								0.09221096977661597		0.1019945351582677
1802429																			
1803700		0.18318986198625553	0.2013143878993787	0.4386650845918067		0.3389054015386695		0.2817979273505204	0.4554295369662772					0.24687084341910734			0.10867415338432207		0.37433293437064735
1806625		0.038717064104166095																	
1806626		0.09562267864622628		0.25156608527407764		0.036599342779651836			0.02966300079426356								0.06817725981583292		0.0
1806627		0.1322985507543482																	
1806628		0.21025155964804407																	
1806629		0.9248360983754625	0.4135219673230806	0.04792137262261954		0.35613778251624933		0.62241127506746	0.11616836717193836										
1806630		0.04363424697241616	0.023471707099526465						0.06650311478288992										
1806631		0.49314187088257394	0.5359427618895919			0.46355590963372145			0.44503458428429177								0.22924970657544136		inf
1806632		0.05987233732251188	0.09601275408434734	0.04685186548834451		0.028266381254586342	0.09231086297039615	0.01589532141215925	0.15144837461188507					0.0539873328733688			0.06348566527103787		0.02937962409731162
1806633		0.08892682661173107	0.031079780967099693	0.0479373903942483		0.012542653910923131		0.023552993904547792	0.16105434156996884								0.10814705828200005		0.23814070387471153
1807483		0.2082849044033679				0.49197193757477414		0.8542940430754898	0.5494416327020355					0.5440690284580257					0.23609861126236883
1807484		0.085111516782317	0.045385650123354625			0.07935358902830826			0.17726518897718496					1.0116832617350655			1.8480080081333448		0.07899042959249859
1807485		0.02959578136842829	0.02918128560285973						0.04705044581278173					0.28485418195195966			0.33629032783777124		
1807486		0.19252279019512875				0.06042612170548471			0.11947015933572773								0.3227915087571159		
1807487		0.3031561315836222				0.09348597500269185			0.16793217224240836								0.08970595291622178		
1807488		0.05678335762947788	0.0359543998584892	0.034672858003820584		0.126395163109726			0.2097131493032557								0.12856080123926997		0.17988919928709737
1807489		0.16531953255942936				0.13815738897865099			0.07215881158858796								0.19719798856728513		
1807490																			
1807491	0.2728415686963754	0.2886621742363478	0.1968298316353075	0.3482752434118045		0.2735177223687685			0.3895787037467006					0.4412242074983385			0.6539408817307478	0.4313658594123903	
1807492		0.2752546332440352	0.12038243106253936	0.12784001776665724		0.16903926830201352		1.7678372968238114	0.2494486600784095								0.5686870752249852		0.8276677977400713
1807493		0.6710495074381789	0.03815615133049756	0.208464097021132		0.39298848261311364		0.4192002256493982	2.459278933451522								0.15437395264059772		0.5364820174903419
1842121		0.1585398160079188	0.09035339936332817	0.0871623460494958		0.03184977276211648			0.08279817448157825								0.24011603380779067		0.037327235679724055
1842122		0.33829258644465326		3.449732536934136		0.17308931309217757			0.5076690608354351										0.7456572332453075
1842123				0.7911328408076278													0.09029227894960427		1.0098955380706593
1842124		0.15409589814524666				0.12954754646524883			0.04584180033082434								0.07538201147237542		
1842125		0.06776365806537635				0.7250432143770353			0.7127909395955125								2.10516201492531		1.1142847004913494
1842126		0.17036066431419028		0.15266103134823045		0.42523492182572326			0.1469059375185977										
1842127		0.38714312477595325							1.1935106299401157										
1847182																	0.043861892412786097		
1847183			0.40219807533204666														0.44112670693696654		
1847184		0.5157437241496652	0.3024844819073082						0.5311552796118734								0.04658564230611958		
1847185																	0.2864388924444741		
1847186		0.040485730297420114	0.16196712086064274	0.0020813538149247494		0.0028853458360489624	0.0014726796489766207	0.05671134286950417	0.03478061988314397								0.002595530840591392		0.041016866107582685
1847187																			
1847188		0.06414276993404733	0.052886572746601634	0.007986891382041101		0.042974704027158236			0.009944344836929728								0.05607494833077784		0.049625401689577714
1847189																	0.42255393446284806		
1847190																	0.006435337319540494		
1847191		1.9252762753569388	0.8332025395371904						0.6779383102471798					0.3829601333243132			0.10886251519243315		
1847192		95.49305542543696	60.22874178697177	12.379658686559857	3.6374226063762802	inf		65.61964006040114	169.42851965768614										
1851583																	0.09969886893860576		
1851584	81.67988857353922	0.25594460607265346	0.08565589761345309	0.1804500030562289	13.384685857583916	0.012985142221282185	0.1122561161725556	0.040549773466552225	0.04182929440631082	inf					inf		0.2152514970933511		0.055852982184033284
1851585		0.1591220884466452	0.05213787894147957	0.06564630455547339		0.10538541045836783	0.11024453836228865	0.12110439336859584	0.16872105804403253								0.2742494530749811		0.29588127108695
1851586																			
1851587		0.012529200841342425	0.0024218700623988994	0.006151954556713853		0.003143990160896139	0.002973658292359955		0.0033885653970676423								0.06442863655897593		0.0
1851588																			
1851589		0.0040992999572857375				0.002393722963382477			0.005202818749186086										
1851590			0.0035332408393113843														0.517040031456941		
1851591		0.15004953296294735	0.21223694268142132	0.09044867288175452		0.07756071422691288	0.005298148762903677	0.2528569035152361	0.13820588344566137								1.1543349290105651		0.10985210380632845
1851592	inf	0.029557851751206114	0.004071844311222908	0.045083420129195285					0.007706160842382793								0.42711598429534253		
1851593		0.27801255956545173	0.12489959797076655	0.3017195596352202		0.14378716801110755		0.32126447650536577	0.21002777978656054								0.06354413642771657		0.5721328597540961
1851594			0.05971582027139203			0.7420466283457895											0.08670763798022939		
1851595		0.8509219950608577	2.0385887637171116	0.5441119965948369		2.2695808180372334			1.111203061255201								0.24776117832575623		0.5737024425383008
1851596		0.010688233448188835	0.04961250548711833	0.05239773071413445		0.022278196387847986	0.0		0.020923109706138903								0.04860296311178126		0.04783273195077942
1851597																			
1851598		0.07383700100657288	0.3125852176386145	0.16302139402935464		0.05627476839426596	0.018980940626109506	0.2010836875890793	0.07118496189282356								0.15556530155546838		0.06027514260830351
1851599		0.22470994781197526	0.25386145807497407	0.19078249023232685		0.17707983744776687		0.02504940535918967	0.07745026251266726								0.1386991744100097		0.08273405003144074
1851600																			
1851601																			
1851602																			
1851603																			
1851604																			
1851605		0.4187859370409346	1.7750886243749047	0.24301028021862128		0.44329810082724436		0.3313590270130087	0.5772331199606966								0.7232747573774986		0.4001019293567761
1851606		0.8673893874551661	0.28950466037148853	0.945766953448409		2.873454820542974		0.00768948734511393	3.4934944155221355								0.34233125571088197		1.6752241308786304
1853827		0.0542812156887403	0.08299874768996093						0.04285198470561316								0.12224168814995706		
1853828		0.4451740643872392							0.16933199409744945								0.40223275567558464		
1853829		0.08070228407907333	0.0897379158292543						0.08145719051052369								0.19991391252888988		
1853830		0.048450399050735615	0.0014405785158501522	0.006591603951040384		0.0023350928167949945	0.004290955669200069	0.002485470872292781	0.01317026148328364								0.0503880491777568		0.004710511662020595
1853831																			
1895945		0.1421857199166728																	
1895946		0.24596564892525877		0.74463330929616					0.11445413364987057								0.3962946872741274		
1902524		0.669029771305903	0.8789922569698524	1.1715851242278574		0.7762977361364379		0.37997510166179893	0.5893836592328022								0.5752988705236746		0.2107034768537122
1902525		0.19296007372576776		0.16749032667149372		0.11115788377230192			0.08433543720434289								0.26721740108044384		0.18801261480592588
1902526									0.07567317722386653										
1902527		0.11646935054315262	0.02238311610820151	0.07458725001619468		0.15373270639082132		0.006154106434772343	0.12806933935347825								0.09941935921641792		0.1727395644488411
1902528		0.09336471119330698	0.09677069354032579			0.17893145310997952			0.20459843807142145								0.724399758733039		
1902529		0.016939245405260803							0.2372413438248118								0.19769531264908952		
1902530		0.1408430660234768	0.4728377856764391	0.2619213896090462		0.15396909478657028			0.19826850971847435								0.624397378938175		0.09009948731322268
1902531		0.17065794440977738	0.08843397990341044	0.06645408375382757		0.39671590496700004			0.23855940637695905								0.12988358608678885		0.2959101144088345
1902532		0.026947703048686954		0.06133709409710872				0.03802509927370863	0.07009346965968465								0.29612057603171205		
1902533		0.10102430660923169				0.1331316629008858			0.2435586666155383								0.7926352389461653		
1902534		0.052081328308717235	0.010913994407422743	0.022396703921007673		0.08211641711267163			0.07921727097523432								0.03306590589276807		0.0020569273098163462
1902535		0.17284121022693139							0.5305495244533726										
1911302																			
1911303		0.17139456887634585				0.35591229393596857			0.14934481077331052										0.20169975324881295
2019416		0.7665460931814944	0.3161032183633205						0.24895288343038663					2.0675092764378715					
2019417																			
2019418		0.07524701170057752	0.07057648530071896			0.11075406906966355			0.07527403476240381								0.07178024270905169		0.12308791692129724
2019419		0.3728794784652767	0.5931867201243041	2.012519389488601		0.33791766799978323			0.2555672272268256								0.13078372377858766		0.34427674490283267
2019420		0.14814516314705972	0.26558117145025567	1.0976119308457835					0.43976704348270573										
2019421	0.06028312659369445	0.13055246006801413						0.035347333784045434									0.10175704507194712		
2029653		0.3441570700528996	0.41702200419082375	0.2489622986175661		0.19635951862755216			0.43078911183828733								0.14080529381852086		1.3136045269375292
2029654		0.030566105761468516	0.0018749526385302964	0.02482999452324085		0.07566039598970895			0.06216621014989965								0.12444545844788914		0.0026432021931519253
2029655		0.2780349119066549	0.0949834689702909	0.13734696599268803		0.14421709102217634			0.21722406909019706								0.2775227895921386		0.1167430854451312
2029656		0.048848856924288774							0.2714713433784578								0.023848738435355614		
2029657		0.06456224836828549		0.5833229641967775		0.0719986190710755			0.01237984455905992								0.19733261829666668		
2082851																			
2082852						0.2983659607594898	0.0913672380827618	0.07440608680062663	0.11044281223809609								0.09074266746593145		0.20430290106488305
2082853						0.191061916861843											0.6381471311955066		
2098398																			
2098399		0.22020949979623172	0.08841757326416735	0.061871087652363925		0.14686487208402257	0.04315525282246283	0.04347012269431308	0.13724132548583742								0.12848131465299484		0.07432664651793351
