corresponding_gene_call	D100_OUT	D11_OUT	D17_OUT	D26_OUT	D27_OUT	D2_OUT	D32_OUT	D34_OUT	D36_OUT	D40_OUT	D42_OUT	D60_OUT	D65_OUT	D71_OUT	D7_OUT	D85_OUT	D87_OUT	D88_OUT	D92_OUT
22282		0.0005027004412490365	0.0006287357210194869	0.0018306924607785914		0.004688313282672358			0.0005521230000139238								0.011168907673884865		0.009774152567455048
22283																			
22284																			
22285		0.006496365563304877	0.003329403083159237	0.0022141466567584945		0.006916408886701954	0.0037636940441736167	0.0024764683291813487	0.006168768082448962								0.005510983838186482		0.010560518234246996
22286		0.008040968436168874	0.0032741215316455735	0.0012298689480384102		0.006763585512221195	0.003952644474915403	0.0020446796480463594	0.005855226883282551							0.00014122058124941533	0.008909360625101862		0.014679926089946978
22287		0.004687737400257	0.002654721547629905	0.003717120785833062		0.006742324617024719			0.007009178034207489								0.010379718510038022		0.004847910592808586
22288									0.009056639877535428								0.0040290951232531316		
22289																	0.01294468735674928		
22290																			
22291									0.009092416463164835								0.007303121704925751		
22292		0.004404193798544713	0.0026056051682482734	0.0017388018529640938		0.004828619335336597			0.004716628883719697								0.005884678003172488		0.005162222836841354
22293						0.005814736303858959			0.007312505195083911								0.010615374286696047		
22294		0.0073977977294711825				0.008417018350773367			0.0071205125922551345										
22295																			
22296						0.004722956376245717			0.004795736280224679								0.008084299026381435		0.006782633829160479
22297									0.012036654010913254								0.011745025524341906		
22298																			
51997	0.0004584412995814216	0.01592578642528863	0.0029049311367270927	0.0012701105947879364	0.00042052144659377485	0.00754756392639817			0.016483563583648435	0.00037047591906525955							0.011624498600478782		0.010040852942459003
51998		0.0037796675152251213	0.0029465362803779054			0.0016402603379133463			0.003185415567162988								0.014695869651010926		0.005064548162859962
51999	6.086057274441977e-05	0.006608419479024373	0.005294829550369842	0.0008767367579071648		0.012439168499427455	0.020151992834266108	0.012869886672027564	0.006806879607042519						0.00022244245998385553		0.011504260751864712		0.017501960464220347
52000																			
52001		0.006899368290243082	0.007297806155929571	0.006458191530468108		0.010030076765363641			0.010870465524328007								0.0053046423559479795		0.005978462532750609
52002		0.004079874024392742	0.009271474709366175			0.004637557978085672			0.004385675891610633								0.009833842480164324		0.008374550747432059
52003		0.010513561596397221	0.007099576876738133	0.01563847544860204		0.010033280920229589	0.011665425663936468	0.007249712313003456	0.010074337338631268								0.0024610887613868166		
52004																			
52005		0.023396766920664693	0.009186858707714223	0.01731772190195389		0.019671959771939265	0.00711836277948495	0.006373150866339459	0.020668902437175885								0.019899708669312805		0.027330494422118174
52006																			
52007									0.014556194866240196	0.00021083548183966513			0.027477064220183502	0.0					
52008		0.0045769293301325615							0.004071251603817236								0.004557892240540091		
52009		0.007501527598663654	0.017786446615336696			0.013056517310942109			0.009360808372928166								0.00664933564042058		0.009153438205874075
52010		0.005730390530904705	0.0049799085821792734	0.01902500845266523		0.016233630356868728			0.019958547643139007								0.00485022561368363		0.007550606156555427
52011																			
52012		0.007055556845846925	0.0016323732484667852	0.005481510987311771		0.0071657182058634415		0.0021722740552257364	0.00463509782686014								0.006803037253407388		0.0016508279232552684
52013		0.017725092054669687	0.00808003536715295	0.015132186525462419		0.015394923806263259		0.00567907444358343	0.009440490118447172								0.0018185346780677009		0.010782286777981986
52014		0.026548334087474867	0.016067869693170263	0.024779479526238515		0.022651066106025432			0.011720578469093733								0.00972766309702837		0.007303468316160053
52015		0.03071908424742939		0.0032643131268547585					0.01736529101518127						0.001369891140854872				
52016		0.012973014012417659	0.00287440280357763	0.0027233832598772853		0.004863782566912357		0.004075821760876685	0.006984306676714012								0.007869824463922159		0.004926461378060069
52017		0.04498644997836142	0.00815478821551306	0.00799135948236599		0.009557268664688957	0.0047770603814673105	0.004142603262288618	0.015378693566876137								0.012109405866899783		0.009550851046672863
52018		0.044705519497951075		0.01677567852327953		0.022279593408557383			0.03296742684856357								0.047444668777121175		0.020050731833771193
52019		0.02640881120821645																	
52020		0.016380649167017466							0.026813471532540708										
71429																			
71430		0.010374377607951875	0.007505087341853167	0.01392467053583397		0.01556963758174253		0.00247120474666438	0.024828790519816017			0.002055850973173854					0.005258843003626339		0.007369891170833337
71431		0.009386672922964868				0.00971509417569169			0.03609277076615911										0.017752590266875944
71432		0.012491764040314397	0.009996244671122043	0.005798007879819811		0.01461702389165228			0.023317995990931675								0.012092571972217617		
71433		0.007325715080735111	0.005504355649546842			0.011594309776242786			0.022868818956742743								0.008635203542194438		0.005253273948267497
71434		0.0063585768000032315				0.006147358357234925			0.0042442669932627125								0.0063715043904665775		
71435		0.00994302759100731				0.009665666446477022			0.0186511686677797										
71436						0.010861334703954931			0.01091967009753587								0.004739179439470496		
71437		0.014309035084563194		0.011202412200869897		0.01794840942302304			0.024890291797809515								0.012159259883804596		0.009031293143120149
71438		0.03553998893488324																	
74891		0.006028890729676741				0.006086637376635843			0.017414174146597235										
74892		0.01441837140542469	0.015186091294107742	0.010845419507774774		0.006560556512040233			0.02285411520810513										0.013059942976186088
74893		0.011202651009668833		0.01033925070786761		0.01575897691552073			0.026017689965928875								0.006851939190335378		0.013408565972975055
74894				0.003846695729968863		0.007386157554783577			0.020235565651792922								0.009783325942329278		
74895									0.009456505552308408										
74896									0.010020375060557203										
74897									0.008101262598177571								0.008489455094335727		
74898		0.006124877935677585	0.006599533769333905			0.009264728831183204			0.032250962536826674								0.007146880666349932		0.006178221189274946
74899		0.012926678619920952		0.008806229229823555		0.019615892439245455			0.01809825974254401								0.004257956455530461		0.010142547846636514
74900	0.015333609003849821	0.0011422626453301277	0.011846279724848056	0.00506599739728573	0.012423312883435558	0.01029300454147078				0.011082609688839937					0.009123373650431595				0.006326687116564404
87484																			
87485	0.0022281622436757928	0.011729557981038863	0.007504837061780582	0.008158680254400762	0.0027328229421716556	0.013657363610770343	0.001442896147616654	0.0012347893618516125	0.026767452003641095	0.002282620237028773	0.0013805372709481862	0.0012625254435855585		0.0011703867570454455	0.002492453481177887	0.0034561793474328782	0.011730973202506373	0.0033923995229149955	0.011957588314290807
113732		0.016778641046929013		0.010078200139447026		0.012869704207437676	0.013430816625258038		0.03029036450017056								0.011130608213301035		0.010929388088626864
113733									0.009633449594130391								0.01011068295248295		
113734		0.007721130675931705				0.00646264215177155	0.009156630589589427		0.017923360758677162								0.004697864694953922		0.009291211722858565
113735		0.004795003994409593				0.0037972346026018964			0.007305371702628042										
113736									0.014622354067364224								0.01572846383821309		
113738																			
113739																			
113740																			
113741		0.012821577038132146	0.0014956963237824812			0.010595699125839828			0.01878291740621729										0.017037193166740267
113742									0.009289309212635535										
129051		0.012153107069583727	0.005852975522268547	0.006087355644728479		0.002477681659687677			0.010715551754054042								0.012999705715582144		0.006285596388798485
129052		0.004910379352759336		0.008356485058031715		0.001984887274433464	0.002318691946351545		0.005013416597126744								0.010540711915135826		0.0026893685516064837
129053		0.013185682261509691	0.00890239268984587	0.010447799291305227		0.014387626934869443	0.002742447902148125	0.012589207221527678	0.013323867392923159					0.005023585271329786			0.011358799456604275		0.01450002994566986
129054			0.003501080585320347						0.00264911927994735								0.00845330114684367		0.012419274826936869
129055																			
129056		0.009768438638849053	0.005746010620156897	0.005252038348956572		0.00626414712666682		0.0040817929891723585	0.007135147979599449								0.012305031444575005		0.012856606020226414
129057		0.019699908739762934		0.0029306985702246056					0.010865786905424786								0.0038701819742056522		0.028475215665255967
129058		0.027447435695868407				0.007424291723620458			0.007266008648511336								0.02234346720229626		0.02348688452315313
129059		0.015732290473110488	0.004867425969769012	0.0034777811598404296		0.004970510759187162	0.004515876093256458		0.0096654756154375								0.009673451269493632		0.01939977837530397
129060		0.012995136953360435	0.008933467392568067			0.008515257561910754			0.011095059773940232								0.01020815371008178		0.020492296178413312
129061																	0.0048486579802096514		
129062		0.007893631524861193															0.02007948927265106		
129063		0.01347742030710895	0.002214202970837571	0.005862561238280581		0.013859806463645919			0.004584249056703864								0.011510712496256516		0.0020875611737807644
129064		0.012289028917543717	0.004952679303649355	0.011169739221055715		0.007356593713474806		0.0050548415728934116	0.005580865009237822								0.009621087515019198		0.0061778656951676746
129065		0.016150709717130406	0.023029251256828028	0.019576159438127377		0.007937753456561841		0.023974516324932894	0.01945568311482863										0.014817909436906931
250475																			
250476	0.0003419228282257341	0.010417767967407432	0.006504914297246285	0.010243142477346857	0.0005929210105874498	0.005075885959525434	0.004594180704441003	0.0026388525753557467	0.010646168353884693	0.00041571627640091783					0.0003212833484206031	1.0803933775167487e-05	0.009471124831296515	0.00019659758372258228	0.006218060550812301
250477		0.020148086644536562							0.014783193560527295								0.011623978534620426		
250478		0.01467483566222399	0.010096046136327263	0.009389042850353553		0.007130543424556179			0.01641547408176245								0.009546970814959373		0.011874407008672561
250479		0.012199219906227313	0.005669845816609413	0.015202537444849803					0.0193389703948856										
250480		0.01390976335883241							0.014901203177570361								0.004226329512152481		
250481		0.004923572429043159		0.0024211761522860255		0.006670818188636416	0.01017042957817219		0.013568907723256075								0.0015470120515232884		0.0071038277500041
250482																			
250483																			
258806		0.014856902851613837	0.009151011197891624	0.004830372743156657		0.012455763870837026			0.019247684775691068								0.0029995305307423097		0.012490064132463638
258807																	0.016688972561690107		
258808																			
258809		0.0038755622423331166	0.001295957980982443			0.011156006156006143			0.008305035160348792								0.006691244519438164		0.011064340279456547
258810		0.004164751979364232	0.0005242716873083797	0.0026956128151038195		0.011801313549579306			0.0092421829663837								0.006584239451013681		0.019309832229445698
258811		0.0036699524777678016				0.00616041452683539			0.004763128532284448								0.0030426382655455234		0.01608242741572563
258812		0.0006798792379264112	0.004645102035542816			0.004014839286993933			0.0029005217948607476								0.006136547229517704		0.008548532706218009
258813	0.0013998964059403942	0.003580627611408067		0.0033680156576129704	0.0005918673931863339	0.0066748244887280565	0.011851507310532427		0.008169043360423511	0.0007620126119297374					0.0018547279949630428		0.0012792571415573713		
258814																	0.005002336303148422		
258815		0.00671496240818818	0.004082552992878131	0.0016549081090497378		0.0033901588531576976			0.006529148731051814								0.012587297152708055		0.009292331953479222
258816																			
258817		0.01251549339735197	0.002295289839247638	0.01361198355217724		0.005876060430979739			0.01018559338074158								0.010072645618245007		0.009287582546630261
258818									0.012595897327963478										
258819									0.00623637760951456										0.015562936049751439
258821																	0.0024317642379354113		
258822						0.014673129557306918			0.009610936649273443										0.014308390022675744
258823		0.001503590402462768	0.004104540509562905	0.0019087193165945695		0.010892470320360786	0.004445792125017343	0.003567203123332258	0.006308217229533325								0.0056490478509174085		0.008160869993685769
258824		0.004900789884681316	0.0017668608295675515	0.005771795299938275		0.007331300015092718	0.01068363841823098	0.0014799040315265997	0.00734907094934436								0.007655502485825527		0.013843680989838061
258825		0.022693275154495797		0.008554710372234589		0.011025478189072705	0.0002265347730876666		0.01607383942617064								0.0047747061535582105		0.011863571608983324
258826		0.024161811315511757	0.0023528870505192703	0.0021457965902410676		0.0030386328065882284			0.014862862343730632								0.010082906161632672		0.003824372085241709
258827		0.02568069055282974		0.0022179039831661538					0.026610824942687555								0.011043166404882787		
258828		0.04217910905326426							0.03039291559884829										
258829		0.06447260885652512				0.021190431248580416			0.05753986506170501										0.022262973987153867
258830		0.03144604734474178	0.00044382523549142217	0.002147078916194971		0.0039749386163939185	0.0009301140345289096		0.014525953130411474								0.0040088560382626		0.0010342021384813827
258831		0.012212155269690595	0.006858233612507174			0.010737046877862802											0.008782035569977578		
258832		0.006855068931941604	0.0007144974172241503			0.003685940615401192											0.006734176935355787		
258833		0.0032968004425441696	0.0005871061387357316			0.002678457548573603											0.0021965584884094135		0.004439801514755791
261790		0.005803515185161752	0.005329614414805408	0.004652814330233712		0.004467407662782003		0.007228015179792534	0.005609884232754757								0.002994213447842497		
261791		0.001123195108729646	0.007822835395382742					0.011700574605250895	0.01725476678968851										
261792																			
261793		0.013320138748330237	7.280933308706245e-05	0.0		0.009351466443275168		0.0	0.003758867125554772			0.0					0.002512822417219089		0.009369757967888848
262339		0.016027238844525577	0.003239931838388999	0.0031164575991288685		0.012748920390303176	0.023465352065055164	0.0038302058031990482	0.018156247066077946			0.027207892882311464		0.019529899037368702			0.025139211861574483		0.02625345569944846
262340		0.012941456554514834	0.0065843281203485015	0.0019318263231868713	2.762303761336925e-05	0.015095260793304248			0.010301881460493661	1.5645861148197425e-05			0.0030950358053161453	0.003657305440905475	0.00011741199870344913		0.005663236628136154		0.018912817105106252
262341	1.1644411879976813e-05	0.011148253780736845	0.004071334014967479	0.003923428009888633		0.011140018053423998	0.011422526718411204	0.0019834500103740565	0.0077350365115053795						0.0004033921430367037		0.0044204678354454775		0.017159991014875663
262342		0.008497137989751869							0.0029340312180956753								0.00502733769918346		0.014957428413689192
262343		0.0029256310209412537		0.007368872171970858		0.012558091777301975											0.007271817689582021		
296246																			
296247		0.005591765153354964				0.0048861699523431255			0.002797693474253531								0.007589549625396104		
296248		0.004187116400996756	0.010560793388820051	0.006382978723404283		0.004774004872424806		0.005210594876248394	0.0018069663817857472										0.0008824394548485184
296249																			
296250		0.0047983873401968346	0.00587218453323983						0.006951364175406035										0.010800272342187504
296251									0.03778865443865138										
296252		0.01709056208560645																	
296253									0.021655321325386192								0.003787302054384665		
296254		0.011312797287982033	0.006724535567126012	0.009932426574382798		0.009076068365544896		0.0023293535666234705	0.014429539853658887					0.005387587483487081			0.0018775205838072351		0.01738852423893861
300972																			
300973		0.005633241982805457		0.006147459623275471		0.009508914868935927			0.0032675951647911103					0.007158314028456208			0.007177853108250286		0.004227569028057987
300974		0.013762358162496524		0.01970178059705093		0.018545519203414			0.010534595381362939					0.008353808353808381			0.004493187490516863		0.010645961721781429
300975	3.4611657206147025e-05	0.0057395474358165255	0.003778172779620601		5.647165123108198e-05	0.003085658082975679			0.007212763313410286	3.8781736387610524e-05				0.004695783892956323	0.0		0.0064371505898874175		0.007457976436855424
300976		0.01070368930546945	0.003866193369843295	0.010557786922748013		0.014819505369313604	0.011588347972969357		0.005421720631880175								0.00901521195703172		0.01009918012733364
300977		0.013215830340460942	0.002694881273606611			0.008926750089566627			0.008642224688148506								0.005981634214171886		0.009198288535023205
300978		0.015487204853260082				0.010472815610464712			0.01424665474570754										0.023212343698666597
300979		0.014327253091352162	0.001477128922888987			0.013948993736371769	0.002022135841132112		0.01278368328888048								0.00537535729726908		0.01545059480649732
323127		0.006804269053690612	0.002530516972796439	0.0007171730021940832		0.002846612393660292	0.009442895377981545	0.004019160857775907	0.00901335860514804								0.0026570598621632373		0.0009662258443538902
451861		0.009306913428619478	0.006056909146677624			0.012596779507453982			0.009854104763960477								0.012366403217004095		0.002199995463926861
451862		0.009600703750750643	0.010025369564474298	0.015170465956183652		0.011068051370155912			0.006820292512854648								0.007109682738133715		0.006486102405922511
451863		0.009186263696025904		0.006175867476177089		0.009875625109826092			0.0077207633593537415						0.0001338663172466768		0.017981525241224455		
451864		0.008483770998560692	0.006554582541640187	0.021605185791093863		0.01569103741570193		0.01191837512511112	0.009263215091921996								0.007820065511465524		0.005737888455039476
451865						0.0038187329191535636			0.001904020683294364										
451866		0.007033436858675982				0.010649982348095582			0.01165998696167282								0.002680580169547384		
451867	0.0	0.019391386319666134		0.004604593134931927		0.0053814876823726375			0.0194425404432625						0.002249600102494343		0.0019975036307578		0.009760541384695471
451868		0.0031772622177936526	0.008606718181990825	0.005941128417467476		0.004103870378843614		0.0022623045506479905	0.0042562648807796125								0.012117228461782023		0.003905327718378329
451869									0.00783453729607846								0.007297971236038044		
451870						0.006997660894903033			0.011301723579153338								0.007485915532097957		
451871																			
451872																	0.005728531475752002		
451873																			
451874						0.009722529469061861			0.007113901349403865								0.009050102467460177		0.01052269390751158
451875																			
451876									0.002328994485993164								0.0020898641588296845		
451877		0.016375731920224255	0.002503420388847464	0.013290888012935539		0.013141100990132116	0.00541117351026345		0.01873956275293617								0.007727735686269913		0.0127020733717074
451878		0.007471871188176249	0.01888171360410438			0.012700118885975081			0.01565270231034682								0.0072403275033760695		0.012501736418314775
451879		0.01610064560482821	0.013494540283291865	0.017404538339146867		0.020460239029788236			0.02017873679122295								0.011517649635238563		0.020703729872436655
451880	1.839349967719829e-05	0.007152704060476087	0.007379728306718812	0.00622734239592217	0.0026928946329492012	0.010163273954723644	0.0008864310176985086	0.011536682904394056	0.006297275157792268					0.005352022951926004	6.127392902279335e-05	0.0001037781033743118	0.011015623655423554	0.00012393045457674036	0.005115264680699368
451881		0.004260293121667008		0.008367754951136515													0.009936437071307737		
451882																			
451883																			
451884																			
451885		0.014293324487225928				0.012303763356625894			0.010896166064711825								0.003020663802522472		0.009993688196928311
451886		0.011982380094540649		0.009873629521602076		0.01440568331411316			0.018563063433218355										0.011597563193307814
451887		0.006211375847971271	0.005356975404823532						0.024602118643771376								0.003994567489794415		0.010113776755593884
451888		0.002877554548817142				0.004155528180882052			0.007284836522129758								0.004883043145015175		0.0035453647507065087
451889		0.0137949535147667	0.009504264394190344	0.008696370569776977		0.010704557490546822	0.0027971745794926643	0.00495990385230111	0.01178505946022066								0.0031556452533871666		0.007033860012610606
451890		0.001768679241174077							0.004819549101338368								0.0031096169911959334		0.004920394387263094
462442		0.005017811119487324		0.009491549350887543		0.009172832018073344			0.004554376636577059								0.007255516357571524		0.007175644015579963
462443		0.009901949787653566		0.015781699401104073		0.020488707769071867			0.008649834123435344								0.003338241034478602		0.006268827237943434
462444		0.007760452513275456	0.008636452615386061	0.030565062888776372		0.016548736389199504			0.008714589919063324								0.009342244745589914		0.008880667804970575
462445		0.010182330980286135	0.012811631866498172	0.04706873853565168		0.013617733168829296		0.004898919923031564	0.01940030771649136								0.005921356061741644		0.010320652730242252
462446		0.01028096127324696		0.015389700462056613		0.008087300717418214			0.009451733110063917								0.007956718422571547		0.011050365486264405
462447		0.012973094504004362	0.0017820703095515658	0.02621591806171915		0.004615036382336138			0.01618966374839361		0.002937118953317619						0.0026122780603418947		0.008140265488369072
462448		0.007785446870532181	0.007643462715907247	0.01517004635510902		0.01072817435417387			0.016955658249755465								0.005953756765613708		0.005632731669121687
462449		0.01856633131507735		0.0019156888599773357		0.015317214617684002			0.016875008912628144								0.007403560556268878		0.01879163454187025
462450																			
462451																			
462452																	0.004877733062092968		
462454																	0.006698626846358519		
462455		0.008311253237832604	0.0010464032790141182			0.005264036855285504		0.0019061795016406676	0.008018354553888543								0.009289267754171961		0.006487875924677299
462456		0.007082023651530119				0.008756805833465723			0.008058192126519976								0.00767252676630651		
462457		0.012465752045094123	0.0065806232923983085			0.01217499394226928	0.019806100920231263		0.01241443354264319								0.013062287078174405		
462458		0.003710445140233259	0.003557160978896233			0.00529316744487023			0.004904975866269375								0.004247254680055694		0.0035899980515295285
462459				0.014879514281921752		0.005053120257119893			0.008896600024292366								0.005667617496528977		
462460		0.011573715760755334				0.015793575272345522			0.013140050620224124								0.004003208421866517		0.013964129700844296
462461		0.01957141214805275	0.016427487538724094	0.005665801729128332		0.02542036645068932			0.02152042063852253								0.005996012097667142	7.202688911759241e-05	0.015910258683900468
462462		0.009378213671725873		0.009086891025894363		0.006881595075039844			0.01591754275034401								0.014038945424117343		0.012320993649237989
462463									0.009385446877845047										
462464									0.011887938603189659										
462465		0.0009107226318804354				0.0011715699036709114			0.00563057865987299								0.004218326065455356		0.003505661441753614
462466		0.012498747435495425				0.011823713336862232			0.010454201136893269										0.018378733987755216
462468		0.01650138942539013				0.016193170813254745			0.023204115544918004								0.006906965275115017		0.018723137187798042
462469		0.01113264791128928				0.017995122381417643			0.00855421600631676								0.008812610155536558		
462470									0.009778181221318781								0.009443767933207423		
462471									0.022621724975548787										
462472		0.01649092267268325		0.003056628056628052		0.00848645715710283			0.02999363699075866										
462473									0.01657236495953004										
462474									0.005666664423169539						0.0		0.007539037341359384		
462475		0.00832899218411386	0.006113940098325544			0.007989161298756913			0.013396750367440532								0.008681651475157863		0.005722615247981417
470287		0.010873226520905				0.019666819214487635			0.02700845517596556										
470288									0.008743199171005704								0.014491757368728923		
470289		0.00704616835533981				0.00546920821114372			0.004985879908673353								0.0031775737470983527		
470290		0.014177966836961544	0.017517286585944383	0.013212024380740504		0.01490595407908446			0.023605612249239478								0.003589222826532586		0.02072396054432383
470291		0.02270186695315571	0.006227220283236468	0.013243884566463464		0.01843432958715799			0.02185356767065174								0.007100428497256324		0.01976147670273974
542675		0.007385523837811384				0.007553162721030357			0.005899684744413528								0.007882832881481498		0.016971758599316197
542676																			
542677		0.012010111449285956							0.02629235478736528										
542678		0.011025344603276779						0.003107678464017554	0.013326375742221822										
691509																			
691510																			
691511		0.019854770326395557	0.009644803796462804	0.015257719884788523		0.04926049747085984			0.04017785631495655								0.010067429965101049		0.023311814562521793
691512		0.010627949637129992	0.012640699800669751			0.01173301603887182			0.031442303846694206					0.01071453184757665			0.02209888116625374		0.012460086946870307
691513									0.056086489768390604										
691514		0.008945947768294856	0.0052051848266974985	0.008681246966217495		0.009792884281380207		0.005057969157632097	0.01880938738463249								0.007013374884322871		0.013820872451924253
691515		0.00583261566727965	0.005013875134877559	0.012361715296709121		0.011232641184941244		0.00290918267891958	0.01707972387343678					0.0045745604953290175			0.005038067569594965		0.004040751349385041
691516									0.01385534686784056										
691517									0.02093471023691942								0.020849434940580645		
691518		0.010766074151052487	0.003866909995831584	0.012099217964624081		0.008482103501121309	0.009668494618481469	0.00441385727059795	0.020970526217539236					0.0015522113957294036			0.010964474792686188		0.01228531495020985
691519		0.004589302154305322	0.004801431679399635						0.015625788209662712								0.008592741346360958		
691520									0.012286157061959081										
691521									0.010120680328415179										
691522		0.005394892942544905	0.0012733861618194212	0.006669334853787007		0.0052266629994910125	0.002212602134684781	0.0023406358998448403	0.01834661415342094					0.0019344879258672764			0.005796671704065488		0.006860830447279517
691523		0.01331540762024935		0.006061357630021003		0.011913567576300313			0.012015712158952745										0.015663471299372445
691524									0.012159289984057228										0.01231120579235757
691525		0.036098234488230505	0.02015220094167606			0.025933569357405782			0.04343462071479445										0.020780575124173382
691526																			
691527		0.03086711399224617				0.03178879541763369		0.012440667097062468	0.030876390552924342										0.030787528481813247
691528		0.0009200419662300489				0.008595624050963103	0.009723123486083052		0.027482970323569892								0.006077511052251983		0.012069834518137245
691529		0.00843402577866596		0.008581637285388561		0.01137458674175326	0.000766087844739531		0.026438854529323624								0.006006686699378919		0.00820885657633841
691530		0.007267161536796144		0.007047949214416819		0.009568528007824758	0.0038489407953624863	0.008270586947419964	0.0070364573197316226					0.00394820712738678					0.006430070151804459
691531									0.02848580701645748										
691532		0.010324374799249986	0.0176535916134666	0.021618797077478477		0.013662388050842019			0.024138939394849554								0.010680747309497942		0.008584668752359845
745868																			
745869		0.016962372735972987		0.009506947506330287		0.017095089701653195			0.023116099019856444								0.024602945005360165		0.02207889654173404
745870		0.005539856827412095	0.0017407838719368691	0.0017443568373141421		0.006103786243642768		0.002719498473215933	0.009664556322281586								0.004170280888756871		0.006081179611432732
745871		0.006955008407443254												0.011294107253979578					
745872		0.00754569991810713	0.006046470843977053	0.011019289127339113		0.006684769786896685		0.003525096827565467	0.012023516609279215					0.004573407739157943			0.004908639252481729		0.005108215162142556
748541																			
748542																			
748543		0.0012007044200694178	0.003544562935239825	0.0003588337809492952		0.0015200127289341377		0.0011864848556258861	0.00028969238867917097								0.006742615917113588		0.00016658337497917587
748544		0.014842574722162499	0.014330193811778663						0.019521190285910164								0.011398491544088427		
748545	0.00030047433161180964	0.0011120056854285933	3.368666906216305e-05	0.002278264521899594	0.0001151719901719899	0.0			0.0057412988375197555	0.0003891863733281634					0.0005369722324803314	7.041391795417841e-05		0.00011068476977567861	0.002711776859504126
748546		0.011317243863398515	0.002358782261586996	0.008043796488606156		0.004305862133479044			0.013544515625420915										0.010739840792354044
748547		0.020639804249307295	0.007945150698685736	0.012427830050801355		0.014974395788205211			0.02054019072162781										0.019686046426956996
748548																			
836353		0.02859201272661975				0.05087419937554557			0.023402456807190206										0.01575776985463619
836354		0.022922355603664995		0.006349819043451809		0.03550649185673377	0.004159025412627679		0.016096215793291298			0.007026834836633041					0.012446523898521179		0.02093853167473718
907063		0.008966966200769295	0.0037302582628737768			0.006693343972483456			0.010099407264446766								0.004976906783727114		0.005770163122741161
907064		0.01620905461856619				0.017977498494724752			0.03148080347116376								0.006788465949066329		0.014381374010732497
907065																			
907066		0.012429990090536596	0.0027433640725583832			0.006615393804449752													0.007359189723320158
907067		0.011117609556465832							0.01596357665323189										
907068		0.002869705610639569							0.012456469548427676								0.005284783194776096		
907069		0.015470654428975831				0.008709144415144619			0.01594675318205184								0.010674984480818255		0.01543239134480016
907070		0.0019511490099725249				0.0032711856241267757			0.005011105203159446								0.004972458454413897		
907071																			
907072		0.0															0.006705699563368708		
907073		0.0034309277369028502	0.0068380743598456944	0.01235241320706406		0.001792137718396694		0.002631115681959911	0.0063115042299244735								0.009471235310146979		0.0
907074		0.00858577805278954	0.00578123578348971	0.005951484731706434					0.009102041505033708						0.00022186597507219876		0.004604251123952711		0.005060377427428327
907075									0.009612632933587962								0.0066022610804741715		
907076									0.007093022676010046										
909451	0.01251351879256267	0.01593696896794882	0.01175929550386882	0.010472328955096522	0.01176298874804713	0.014562045812199153		0.004047344924812083	0.0319486774735218	0.010392653982854749	0.004290209790209847	0.007933525445069776		0.001162356321839096	0.011574062077176669	0.012030947726707373	0.007050901449251105	0.008205251655296748	0.013748237709466156
929210	0.00047226769293639247	0.007240711792457892	0.002212391803074681	0.0008769555567585089	0.0009686779544828433	0.006307350447835068		0.0009172573261499934	0.0045464059365203525						3.686001793854191e-05		0.006789718409224703	0.006393376096043676	0.027849280823773477
929211																	0.0016370119846032915		
929212		0.0060277832219111345		0.003919496534529091		0.0087416041209809			0.007803682002197585								0.0035295309846545926		0.013298527235806441
929213		0.003185074237110653				0.008083529886315376	0.0019366116328733067		0.0056620382678798315								0.008021228417812313		0.004233039464224886
929214		0.0041009819902804966	0.004350723253959617	0.004560909534709807					0.008602110479737959								0.0023323607142467003		0.0007589462083879171
929215		0.007476421438044065		0.007112586732460664		0.0062335504173247755			0.007330463701703513								0.005176333680936238		0.014683153300249639
929216		0.008875111007440716	0.007915461540593674	0.004016281559576412		0.007234795652741312	0.012712279192164139	0.0063594635008816566	0.008680801972463303								0.005453215501549686		0.01280642190373104
929217		0.00032791014787685225		0.00216656245886533													0.004622849480642014		
929218		0.004011574170035303																	
929219		0.0061461040980129306	0.0028766941345341147	0.0058855944895196775		0.005937550378826537		0.005382908635441729	0.0060772328701409785								0.005118977873181299		0.008908414901116646
929220		0.007651046573153103	0.0012867936182420947			0.004376745952296398			0.010240410576072674								0.00870680247088032		0.014332456252684726
929221			0.00552089758142149														0.006383775324051191		
929222		0.004647821245764991	0.0063763100222512924	0.0073528632782977835		0.004454848366565709	0.007749505106082351		0.006042977290950161					0.00416249739685181			0.002948054632062299		0.00551650692225768
929223		0.014721693413462503	0.007788215171294288	0.008164066438912708		0.0033551761765548927			0.008845919583479377								0.006521178874466875		0.0037555551730092725
929224																	0.010150857476258865		
929225				0.016277206521661116													0.005945046427566046		
943037	0.0007859701666508279	0.013074461992333287	0.011056919234466042	0.0017188690569596879		0.014706374292191859			0.017015213666802274						0.0013626350421901507				0.010465616580877794
943038		0.009513030214111543	0.016485732361338306	0.021527325793854336		0.007016617473424252		0.025720073177063933	0.02164412549170774					0.0172083555318268			0.017602710422442686		0.011355236439461515
943039		0.004559711535468163	0.00454526551791892	0.006003661954312219		0.004276076933598776		0.003848249912400673	0.00641437766393823					0.00807100656157259			0.00881970501645045		0.001631957994541626
943040		0.008762593393501883	0.004590440536253533			0.007016251194326091			0.008352512732070274								0.008161156832794381		0.011490546870566672
958277																	0.015539407188193246		
958278																	0.007241282320999512		
958279																			
958280		0.0025400663646631904		0.002555895136513101		0.002811474360949153	0.00540015183494474		0.0063305109738377935								0.0033177463877237137		
958281																			
958282																	0.010079775385789493		
958283																			
958284		0.0017146488464962566				0.001600446815476746			0.0032068954305764135								0.006070816319367207		
1004517																			
1004518		0.003639041169103273	0.005282240629097162	0.000116776956014012		0.004962828752296364		0.0016238681088817158	0.00342691293644988								0.0015135140945584662		0.003956193670090086
1004519		0.02052774905021834	0.0029605291049045078	0.003238293879810207		0.006654157761320179		0.011701023096012887	0.015678470450185295								0.01632402216003347		0.005778120184899874
1004520		0.009583378073660463	0.004948469158032366						0.009028734709060003										
1004521		0.006361940777792001	0.0010763888888888906	0.0010986328125000017		0.00812293092339141			0.004740328233077142										
1009719		0.009750510257241883	0.005353333825456138			0.01332482894004297			0.0098277544239106								0.01061653018995458		0.008778081671577662
1009720																			
1009721																	0.004584454249349956		
1009722		0.007081206520538857	0.00522539070309094	0.00207072329354452		0.004264820097793282		0.004387862602857837	0.006106108264495548								0.010815227659567963		0.006388023312268377
1009723		0.00858918868239909							0.0074943873067376135								0.01486507238266927		0.00731483822042465
1009724		0.008218981383195443		0.01302859865176044		0.011780909221561935			0.009553339795203356								0.0025122863035562516		0.0090333924401432
1009725																			
1009727		0.020575938971799858		0.02989731735380316		0.02670073461109983			0.020699988727602814								0.005279740087726808		0.018275947301766467
1009728		0.004173921067265698	0.005393499116029139	0.0024368660185968036		0.0061770021512668975			0.0032156285968526835								0.005006455650791249		0.0027669078888591264
1009729																	0.003930741905576329		
1009730																			
1009731		0.00805072157769806	0.004541774676658429	0.010171536020688501		0.008099936833634898			0.010120970828194192								0.0032035020562894735		0.006160177900808466
1009732																	0.00834001966320974		
1009733		0.017530691309572934	0.014013260603379527	0.014415411154077467		0.016529227953774685			0.021421261634002493										0.01925222866959143
1009734		0.003415444229350656															0.004560876689285895		
1131704		0.025919524192810173		0.039245262064137816				0.004403667948559582	0.012101513033609965								0.007240674175780845		
1131705		0.00889619907116645	0.0014053853797739951	0.006254065955095191		0.001851785268414465			0.008411157524862942								0.013702646452556626		
1131706																			
1159919																	0.013046325435120016		
1159920		0.007946662287266218	0.008568508677880773	0.008996827477764075		0.010117765984125646	0.005883968148119085		0.015799380296981944								0.012470375828284374		0.008281777773303188
1159921									0.02292587188919395								0.00949587594008026		
1159922									0.01396096665241571										
1159923																			
1159925									0.011573341656818793										
1159926									0.01304868274283216										
1159927									0.014023872152576132										
1159928																			
1159929									0.003635516043229112								0.007217313542379167		
1159930									0.01027134620378279										
1159931				0.013268457848952336		0.008376510178405367			0.015783189117463337										
1159932									0.0033016835181252893										
1159933																			
1159934									0.015155404163977598										
1159935																			
1159936																	0.008102250040293836		
1212842		0.03508886336612029	0.009755209912770384	0.02170938237583132		0.01978198711048028			0.028148842874787444					0.0020745166376234343			0.0079457345978626		
1212843		0.01700888942476023							0.028426335214549632										
1212844		0.01530963552734733							0.0032591715715996525										
1212845		0.03939030692072967	0.02915792261797313	0.023415501068811566		0.01857190250168893	0.005372319916852422	0.010538985390352727	0.029725787705060406						0.0047391358296645526				0.011128597065236792
1212846																			
1212847		0.05212218425366211		0.007809392542727796					0.05378911703808729										
1212848		0.009404361696991548	0.00871759372292395	0.006367884874743724		0.005149608123591318			0.02376794418247999										0.008374758842682418
1212849		0.0030628313728068564		0.013488614008205954		0.005235602241067715	0.0014333997452382102		0.018363177607915167								0.0038207588094660737		0.009503170539165214
1212850		0.0033205382949157798		0.007812444425371929		0.00359881010198			0.007877994870444629								0.0030439951983939847		0.0028652316588665453
1212851																			
1212852		0.0010527839405658458	0.006310530419663596	0.003950199091561413		0.0034333468368996905			0.010708262464038948								0.0054738283251649054		0.0012733351875910248
1212853																	0.005624604451686963		
1212854		0.0026807400700475563	0.003123018251049214	0.008549682965477702		0.007261405011751979		0.0009176598272343012	0.004618509150468381								0.006815421210359822		0.0031187681818437367
1212855																			
1212856																			
1212857		0.03269274731752011	0.0067530225288580815	0.0034928486619588174		0.0008349534720095096			0.012949676551211443								0.012427127626106413		0.0010327022375215087
1212858		0.016165448434671832		0.00957754727740702		0.0064241592312971815			0.005600925825604111										0.005051400212690532
1215296																	0.005328087285123295		
1215297		0.008894103199511007		0.00997447165096091		0.014031135014975578			0.008643577257140411								0.013036981680532746		0.007982265421097891
1215298		0.0032967506075299285	0.0004864861002204478	0.00604757827494742		0.007863706371958162		0.00614504865034521	0.0035124628146143313								0.004954277826965633		0.004026617199666913
1215299		0.0039050295920076694		0.0027325108415972837		0.007152357247386205	0.005527493051865137	0.0066784207258929204	0.004122786108816538								0.0024963360862519674		0.004543059199291316
1215300	0.004176808369847994	0.008712979244567527	0.004774976352248871	0.0066903153779469815	0.004387918610145494	0.00702680399950095	0.008738190823259042	0.005232436142033877	0.007416193484763554	0.004126510820267417	0.007429456293092604	0.0			0.004460665612869251		0.0039737700495274045		0.008422793979776614
1340766		0.04229845761061703		0.011329876649400527		0.0024959742351046595			0.02356019116779172										0.004192872117400402
1340767		0.012785422665439871		0.009326485430941575		0.006900122336134039			0.007879500254843791								0.00177812018870392		0.007812219430901062
1340768		0.04133333825395755	0.006902132264883535	0.016092448465596924		0.012308867510885828			0.025335918564180143			0.004596766242728981					0.013661610012208877		0.0034472037039357866
1340769		0.05477455874970679	0.01910565385855318	0.011813468462706811		0.019136845164759254			0.04681121466244638					0.0			0.011973836419140698		0.018693834697234034
1340770																			
1348277		0.006780589148423918	0.0033603132180526174	0.006677223048267979		0.00540565774993115	0.0027673974562175776	0.002770115823213219	0.008756499397919778								0.009431310573662725		0.003301654370975965
1350770		0.02158885884076108	0.0018834334977101512			0.018307120825378054			0.018167596079329384								0.012034814726645075		0.00872029540835315
1350771																			
1350772		0.021656288752747378	0.007705112523580245	0.024257167925860173		0.03564935096074509	0.003135094559423452	0.01363395806717003	0.03359407057698428	0.016401306313151332	0.013977217369161181			0.024465571853010598		0.02415100284546668	0.04148416768991027		0.009264186673179011
1350773		0.003921053932028796							0.008497113868602864								0.01345662793538136		
1350774		0.007366008184128828	0.025023138796542554	0.016463176026266447		0.010619158597377335			0.018511056026129086								0.01036549108929816		0.011773715531868503
1350775		0.006809916371514376		0.0019499631698723695		0.008552399083376459			0.02176345083702332								0.01498350595399435		0.003961657411963131
1350776		0.010981594200886884	0.0071321182860600236	0.006123618366381352		0.003558749107090473			0.022423592548377516								0.00660486308049255		0.007873603351955227
1350777		0.004404102729251073		0.00782318609863306		0.008838087657733924		0.005486168935424306	0.012317716629969716								0.011296042677459001		0.004141194930963205
1350778									0.0020070602185148145								0.00856616766423538		
1350779		0.005032151358502407	0.009957891473458094	0.008478934245661556		0.01029226490474806	0.0007906089636858995	0.009823054692755373	0.01257843133309323								0.004173943225905264		0.005871485001879816
1350780																			
1350781									0.00905676578913676										
1350782																			
1350783																	0.009445922375645403		
1350784																	0.015614713217133681		
1350785																	0.0053581953653565224		
1350786		0.014081235354469604	0.0016639898786789703	0.015907967796854845		0.02259899008680125	0.003808113183113215		0.01686773094138686								0.007645441334624881		0.009126507783230053
1350787		0.012128147648998487		0.021236825280012694		0.013819694412481631	0.007496632146864012		0.010833190678409807								0.007136781997928699		0.00757010587113484
1350788		0.007954187808250204	0.006178811750590915	0.012307186207546759		0.011386010745898853	0.0007610558585247171		0.010808337555386394								0.0026216309811104956		0.005555219781430788
1350789		0.006187245721644557	0.012028488536301594	0.006078087362738098		0.005872350238547436		0.003570141170947631	0.014541196502657951								0.004669218085539323		0.006141694459694129
1350790		0.01589425353971405	0.010190994920507056	0.015630136562380586		0.014150214953366243	0.003144614470290254	0.008088157706415838	0.01562492977499393								0.003974129935533791		0.010378534729731758
1350791		0.011773252980332851		0.016867713123301088		0.015403086954176321			0.011402888817828943										0.011850327427648565
1350792																			
1350793		0.008685051843093212	0.00287386109631733	0.006929440444580031		0.006701535995536915			0.007992542651328665								0.003991734144962346		0.009351315612258604
1350794																	0.014945437489415868		
1352383		0.03008236135949044	0.01705023644976063			0.01608638863616835			0.018676237707442714								0.014585054828227874		
1352384		0.015127509056596277	0.005373147791890469	0.015780241050025283		0.012470141421076683			0.02970887210557198										
1352385		0.02058503891652713		0.013461219479830047		0.022237846472504968			0.020392327533219456				0.009728885763917538				0.013332926605328619		0.012403209691519828
1352386		0.01673823050685165	0.004715732761548014	0.007010600990780598		0.01625537035503171	0.0090046347540405	0.004042570237644118	0.014406418470903192								0.012692608495950218		0.017028411284962793
1352387						0.010622859464793645													
1352388		0.006998521361614082	0.0050639575416328506	0.014898168235888623		0.011258449114127024	0.007820692998269266		0.007731534713305629								0.002891260170963468		0.011008697193317308
1352389		0.014494658098102669				0.006774475524475547			0.008400533450699616										0.007724301841948926
1352390	0.0010754089278888544	0.0044514902378987985	0.005276865643395378	0.006630435456540065	0.0009324527061842718	0.009217821842951614		0.006638948497854076	0.011284449682837787	4.877167129494636e-05				0.005977927651747393	0.0011769257178335436	0.006142908626281819	0.008340727425836334	0.0004979489246674412	0.002297719218072408
1352391		0.012284424550247731	0.01172995824064823	0.006486261392108596		0.0071671587408363505			0.013568750732216587								0.009752643273997004		
1352392		0.01972105644113606	0.008754365019003434	0.015836590073414418		0.01773799992588183	0.00671857985247884		0.025987938447645974			0.006145143130151903					0.006003796838282355		0.017304170845001132
1366054	0.007047037746939518	0.019336774522762782	0.007933036694911471						0.02152631475495375						0.009005313330207853				
1366055	0.0006831751912623086	0.009391743023008383	0.0072512808141933695	0.009087630795235242	0.0013913734843967564	0.005244468575455883		0.002726002810132402	0.010310161951988734						0.0006717604306400236		2.1168341831133838e-05		0.0027806126757335473
1366056		0.01985271389412414	0.007835349993757438	0.0068069584394996555		0.0104608941924135	0.008663338792164741		0.017844533521077403					0.007649746952708825			0.015210279093771253		0.0029948141745894255
1366057		0.012471295690714824	0.005464813591719679	0.00902645201633843		0.008738984742109986			0.010595959079986133								0.014847303336085752		0.010674183778356388
1366058		0.009718558905550779				0.016883891267617815			0.027087235557980247								0.018570358933375507		
1366059									0.011529690354587686								0.007047584162025836		
1366060																			
1366061		0.00921563715672642	0.004965602448977922						0.015443915739943472										
1366062		0.00755756597743773	0.011508727299335898	0.0		0.007188944532929877			0.008985284350120278							1.7551353240399064e-05	6.163049641310471e-06	0.0	0.0062325546307239275
1366063		0.04577914844702659	0.049640958594376214	0.025073134963013513		0.020998632816657634		0.006829516717314762											
1366064																			
1371994																			
1371995		0.024594519927536265	0.0057093153376902555	0.011674885913295924		0.02336344066885626			0.01737125426728002								0.014185872813153137		0.02601297107917307
1371996		0.030583267087975492	5.223191118793464e-05	0.00018870342941779665		0.0036392405063291164	0.0	0.0	0.006291534330414713								0.028070952404931876		0.009294871794871802
1409095		0.0008218025528798339	0.00223415227801155	0.00041649393426880483		0.0032839321163233236	0.007315763381621352	0.003386721701134726	0.0026727589852820768	0.0005258524375945074				0.0013848620806945525			0.004288090227279154		0.006919354281022587
1409096		1.0782975837747345e-05				4.139586869230443e-05			8.286831023386246e-06								0.009002230552922636		0.0
1409097		0.0054127967805209405	0.0005889722988669745			0.0037962962962962733	0.00033085194375516756		0.0020602610117010224	8.996851102114206e-05							0.007046623735073743		0.0007122507122507081
1409098		0.0008933661614320843	0.0036696826661270724	0.0042574687263763275					0.0012399604074059042								0.005806961283472812		
1409099																	0.008281535246309034		
1409100		0.025210696126836317	0.0384957874813815			0.028451336675020943			0.013945328519695925										
1409101		0.006638510733953298				0.008816220805637305			0.014572580467401319								0.0035078318627937044		
1409102																			
1409103		0.011635236814246702	0.005973286353441816			0.009371612200648622	0.004294029622918272		0.0120965273084623								0.00568483843597666		0.020481743584152192
1409104		0.026635144274032466				0.003209083450872308	0.006760001921137321		0.006472547971260961								0.0382886338632282		0.006853599499578458
1430143				0.0070944043428169306		0.027874838538372734													0.019889636786910223
1430144				0.004238479309860517													0.011325346176265658		0.015059820994646225
1430145																			
1430146	3.208693420039373e-05	0.004273825243392662	0.007599597973775423	0.007019364954710226		0.006410397751654144			0.00555702680346502						0.00017002657582921064		0.007288634884763889		0.01950510504086333
1430147		0.007760902440504853	0.007421073753475131	0.009190850032539144		0.005633884861283935			0.0076061560717521496								0.0037250480239292678		0.011195660954702046
1430148		0.005688523757648076		0.0074147699079002895		0.008642013178835357		0.006187586608838382	0.008416707999051726								0.00644752803688836		0.009651111907759777
1430149		0.0069776564999920595		0.01681734928256873		0.016488775563912192			0.009316685157377906								0.014088024310258806		0.0386183871633185
1430150		0.016071229080685222	0.006363096061756801	0.0102419525603314		0.011447788621761306		0.0071036612602420465	0.010294062357151672								0.01980677411083323		0.020061814264977024
1430151		0.004079787067783846	0.0005151535994533151			0.010603324358386141	0.0012736275448940162	0.003444727786833035	0.006194079659759785								0.005467199494835209		0.0050140891566918915
1430152		0.004274614033450144	0.003900662222268518	0.007459551167285324				0.008262320695675725	0.006942407486098608								0.011674726378617785		
1430153		0.009860326994376662	0.012582831878684475	0.008459487582561546		0.010287481468667264	0.008165020705388774	0.009139324065232421	0.011240511933910602								0.013183825692460138		0.007395232786685864
1430154		0.009775230471130738	0.006058724194751303	0.002675763371693402		0.011290191040521765			0.006489208828602249						0.0003293039550993261		0.0055259133410537455		0.005885580221581401
1430155		0.0072043943906219396	0.004679791200314085	0.003095501593332446		0.01011477233579075	0.007975284735904593	0.0039434636281173215	0.026214185876104534								0.016014552233696175	0.00340180930501722	0.003998882619423194
1430156		0.008131352340189626	0.010678440317223523	0.0008737462780628394		0.009086828118697368			0.010766978948154345								0.010294873831122943		0.008320451608671937
1430157																			
1430158		0.008330899256869601	0.004374757304780609	0.005914400782033588		0.009971755930276289	0.009718835626049043	0.004920818286345699	0.010795170121364203								0.008049591635856793		0.01154081006118337
1592604		0.009117101624913283	0.004176855385040488	0.0028363296650697556		0.009414320167696161		0.004211315000788713	0.0071540177067403255					0.004435330751120255	0.00011436772992455438		0.008178807238548127		0.004270098680914333
1592605		0.012861331470566015	0.015295697691223386			0.021074417545726535			0.013020288034959485										0.014965701420360607
1592606		0.009830239188187057				0.004577701701322347			0.008028330556651976								0.011388341141457042		
1592607		0.016706466558300208	0.0029882099842245312	0.007220338060598806		0.005482590028115252	0.0	0.0040396797675330415	0.014341381212953324								0.00795602461293194		0.006545552786410355
1592608		0.014585592101079712	0.0013531057505602353	0.01934667582562762		0.008059892351073893	0.0055045657790701134		0.013645464129004513										0.017377364483342584
1592609		0.03343838953141632	0.005550838534969791	0.0039019640015470537		0.0018001310933229296			0.018349178091936147								0.01808750507872183		
1592610		0.014898430389557727	0.007156151718168849	0.009423410054543134		0.006131389579313415		0.005845477115932994	0.009772976217323367										
1592611		0.03197519163086035							0.0055364546465769895										
1592612		0.013581158834652505	0.0010876500850687588			0.004633143315435538			0.0032619966777741624								0.003055715648427236		
1592613		0.016886081422229346	0.006467551597690178			0.008719502325720028		0.00712318552288401	0.012671392398284072					0.007189917601246781			0.0037531313983651528		0.012499832204087768
1592614		0.010509280379233363	0.01429501357406758	0.007849967136710633		0.007317372144985124			0.0067992505649636294								0.0022414709312408273		
1592615		0.005378794444438145	0.003757335687568225	0.003787878787878767		0.0028301886792452676		0.0061453467581237785	0.007759985487303146										0.0
1592616		0.005816422509937726	0.015472097328748975						0.004626872681162814										
1619105																			
1619106				0.018850247431607205					0.012512226238668581								0.0014660525664301058		
1619107		0.004999104833925185				0.0036940250778838995			0.005261757108622295										0.008139009703976376
1619108									0.003633935963467674								0.006031659572018781		
1619109																	0.011210570643070907		
1619110																			
1635481																	0.010949895006398333		
1635482		0.0076541413524653795	0.004473500722090209	0.004420820931018567		0.008371855756375142	0.00374785362088258	0.0026077521700090377	0.007356889539550551					0.0010376134889753799			0.0024252725153971104		0.006668377180866014
1654858		0.01333440372850329	0.01164707461925844	0.010917580175516967		0.005395742291864611	0.00565018315018319	0.003061359634741252	0.007440055933421997								0.011970845323771104		0.005774063238348993
1654859		0.01399930000033028	0.007417907273536211	0.011688036753482933		0.008530104932376239		0.0026212607903252252	0.009283068975463458								0.006876388406815842		0.007261874916150185
1654860		0.011487802602097466				0.009377917343879829			0.011479376131539447								0.008449095622614327		
1662247																			
1662248		0.0135040480907611	0.008443029964045305	0.006701336022954803		0.010282120427934019		0.006634707492291939	0.010257528406692844					0.004824851873921435					0.014541509935141531
1662249		0.010200630369975098	0.004689465482087409	0.01206232654700878		0.0036820255144114538			0.008119667331283113					0.007497076678111097			0.014698577640715594		
1662250		0.0006513243595310485																	
1794728		0.01111624269620327							0.01449167335681021								0.02095666273768196		
1794729		0.01148052611606365	0.013859267040078487			0.007097953088322919			0.013171638510490009								0.009363064256930726		
1794730		0.02856857959390641	0.006043112206278259	0.007004462583069668		0.014020937954088493			0.013747420606625314								0.011951328198447311		0.016286068250638063
1794731		0.06009528488117774	0.015962209940598257						0.020585111366374958										
1794732		0.013293131487804402	0.007643592738772436	0.008929432832884623		0.01551832505584599			0.011843121529558357						0.0002361037475393555				0.012915212979589355
1794733		0.01240837489850974	0.010656439536123137	0.005552440548850408		0.015434084567899964			0.015387241472096571								0.01435053155328174		0.0115383461656016
1794734		0.007998148829698862	0.010597756197660698	0.007564043997845597		0.011889718449005623			0.010239263239587433								0.008026931110883827		0.008681484907160818
1794735		0.009645587065602833		0.010382226328543118					0.013600990897167308								0.01564515108199875		0.009528904319353854
1794736		0.004014330218445942	0.005492866627910218	0.004962548460244285		0.009295016784872387		0.003474816849816831	0.007439790972973745						0.0003125815625815609		0.006227144822428176		0.005361861975234038
1794737		0.00346683408747689	0.0002581464012778221			0.01251182801627462			0.0063308297405462385								0.00807754119682945		0.009884656419309789
1794738									0.016614027625724358										
1802414		0.012927446535734747	0.013331345369039798	0.007861677256664264		0.0035417964616647362	0.003267994354712245	0.00421465262307044	0.015508092973601239										
1802415																			
1802416			0.0065114519221067535																
1802417		0.010336412892170672	0.014607734688801107			0.01820729374385824		0.0004355400696864124	0.005227605023029145								0.008151773333519364		0.012623286396625556
1802418		0.009076426326273375	0.007429905175607751	0.0070563850859615435		0.011586391143058731	0.00520884786576921	0.002557993962997431	0.00874886843933506					0.0038943147899565614			0.00749802910528766		0.015424765674552334
1802419			0.007466572624472599						0.006177522889580332								0.003589566698577587		
1802420		0.015020945841677909							0.025695519492151743								0.0037817140127856487		
1802421		0.004500360518513869	0.004057225922244596	0.0017839989021545336		0.005354161307343037			0.005556030716970639								0.004209267028836695		0.006825210786988474
1802422		0.008728321296992735	0.0014770302299586136			0.018937915966595616			0.01038349250637606								0.010132593411532075		0.01708202966225863
1802423		0.007079135824444714	0.0019694883980360283	0.0014860294087476586		0.006024891128206045			0.011740018301056998								0.005445426174957218		0.013246305054501407
1802424		0.005286993956377314				0.0044034443817052415			0.010544834060515191								0.007999478435887226		
1802425		0.010597542467302401	0.004129163939797814			0.0065223556101711155			0.010298668493424578								0.005205649075904395		
1802426																			
1802427	8.142448711936848e-05	0.00892204274255456	0.007590020269808541	0.012180446040598033	0.0	0.008427074054923758	0.00045004085952362656	0.002138440026867177	0.010814534221745617	0.0				0.0009164222873900465		2.0552261054979655e-05	0.003070580500064283	5.604636149598117e-05	0.010371341078338899
1802428		0.009129014079128311		0.017019566409415862		0.008447112647365652			0.011908547982304778								0.008508568243863033		0.012054427339611122
1802429																			
1803700		0.02544353387104684	0.006882311812087908	0.0074119667417359755		0.021115858454602225		0.004046997516968827	0.014846720497591406					0.009786326320269469			0.0204480632245677		0.005394055796087087
1806625		0.027937535485282806																	
1806626		0.03645409031701752		0.0039200727001047425		0.009267803858597627			0.014247707909869825								0.01661543080405758		0.015400987158346646
1806627		0.027396011612095088																	
1806628		0.020616141433582532																	
1806629		0.0021751373242270226	0.0028011935870602247	0.010257908944225071		0.002389447399630695		0.001819327990407417	0.004324019237387578										
1806630		0.009109808016655544	0.01042820785280766						0.008341518431149995										
1806631		0.00550297520677513	0.005664976476477849			0.004883016958615377			0.0068071658432527545								0.005231031674066566		0.0
1806632		0.010947730384442536	0.007103839256793339	0.007653793353017486		0.010784804427956656	0.0030646817445794793	0.008472117740441869	0.009139289040302536					0.009777417289107703			0.011489000896813466		0.003942613548606471
1806633		0.006135545369425318	0.0029121039813265618	0.0030200888315688166		0.008079276371261978		0.011635110539177191	0.007164515503720701								0.008842943799001024		0.003530994690780399
1807483		0.010636941701454794				0.005134301288879674		0.0024270086213142167	0.003516993197087627					0.011990720982019774					0.010020899344742543
1807484		0.024352500644999737	0.006610780734833417			0.00820497239470623			0.009726037574381514					0.004079144786196569			0.0023341313269493956		0.010957015116012653
1807485		0.009127344854238783	0.00471211762111093						0.019461386947240204					0.011174465214255138			0.011478496768559616		
1807486		0.009147949083046863				0.008173159403897547			0.012168228625987258								0.007363820965106541		
1807487		0.010417377808184372				0.007367570682200649			0.01022512965582276								0.02140666043357138		
1807488		0.014990626956755846	0.013370469357926663	0.005739939667645897		0.006278295382760776			0.008132343304683416								0.01265259983659517		0.007317242803877446
1807489		0.012586247254415272				0.007392877903235273			0.010422448172953708								0.014204182464318644		
1807490																			
1807491	0.008221925491662348	0.019960771170501778	0.018591342354875553	0.014472315067714115		0.008939956408696019			0.014649808226054765					0.017758970095488144			0.02383894234789411	0.004948076923076931	
1807492		0.0037102362662929525	0.009208775460544605	0.009352988906717128		0.0031804944407963875		0.0013041327517200976	0.003172559443263057								0.0030234996931046676		0.002043116359631075
1807493		0.005643928554814654	0.014628439303218922	0.018853338381926096		0.006084103834867929		0.010933169378887116	0.0013411175514880548								0.01837184277393612		0.004659206565318867
1842121		0.00989628747260455	0.025711674590763126	0.019707371858848955		0.012094664353724097			0.012496468213204666								0.007781528892200414		0.01266872725704235
1842122		0.012010941223809095		0.0024087809134538205		0.021813352794661293			0.011336543189998017										0.005975180021449389
1842123				0.006544185370110057													0.0063541842908570985		0.002153191226825437
1842124		0.008247178523397687				0.004502234305857864			0.005146126350351904								0.00457316431030372		
1842125		0.007032888288068102				0.001495016611295684			0.002701115678214921								0.0012959291140463099		0.00129198966408269
1842126		0.009096569486733375		0.006884891584745108		0.002436117765697674			0.009615023706540738										
1842127		0.0040243415058403564							0.0015930124187002056										
1847182																	0.03714972309657699		
1847183			0.005182237462303996														0.004708738372032187		
1847184		0.0027619380585465884	0.002120156866106642						0.002200808619417415								0.02687664821665814		
1847185																	0.006181159263109239		
1847186		0.011229825059092311	0.004145403429120054	0.013260942526952323		0.016274372850718796	0.01356603475624599	0.0033990317230366256	0.011065597931697807								0.00504618705072264		0.022652236420818372
1847187																			
1847188		0.009286340186349117	0.0052416457255854525	0.006625579293912163		0.013203347852481128			0.007524528297013574								0.0047752452445791295		0.018893026717711207
1847189																	0.00199897022745858		
1847190																	0.006985853128409411		
1847191		0.002965575122611911	0.0037913290601763916						0.009326392705801108					0.024832366799565			0.016167635905797985		
1847192		0.0002985075059743579	0.0003901290630618957	0.0018547695321394914	0.0005060228081128794	0.0		0.00017229991672170782	0.00018408541735945248										
1851583																	0.012827415989459558		
1851584	9.784258441670452e-06	0.002451563593012021	0.0023600740724759395	0.007858077447120138	5.79710144927531e-05	0.00893078707822513	0.004176451077943578	0.005651734285397602	0.010091273597660983	0.0					0.0		0.008668898832343022		0.012020246963504058
1851585		0.006403830636666846	0.003253635375576488	0.005877108075149243		0.008315178670283084	0.005100435829602477	0.005829704535088325	0.007063498976107152								0.009910427754854512		0.008699845679012313
1851586																			
1851587		0.007952264816063362	0.009122363219203886	0.011110796041249165		0.018962024891428477	0.00640544984491223		0.014669392071940197								0.007517033062871137		0.01959522030500376
1851588																			
1851589		0.017711988784841134				0.029568854344865475			0.014452418006836847										
1851590			0.013256889920251987														0.004326479433036707		
1851591		0.02010191981067969	0.00834598410932134	0.02833917309055962		0.03199990497599522	0.012779852760206361	0.007541607250639027	0.021218610487689128								0.0024656782897311985		0.026186419094192136
1851592	0.0	0.01064057414285988	0.021781098211338175	0.008045841057888746					0.015068995804317888								0.004282893730639922		
1851593		0.009306326260014063	0.024105063316936817	0.00784536798678692		0.016040111334264247		0.009075356755403458	0.01117821087024437								0.01129874384021681		0.00602400025041408
1851594			0.012936554221215897			0.0035804507089969274											0.01163367537539727		
1851595		0.005893610570944411	0.00504454814855807	0.006299354111344945		0.0013211784912141654			0.004711779564621714								0.015570790755483989		0.0043394927968969585
1851596		0.012083745750866733	0.004049566735378862	0.00858449471996821		0.008824852458339421	0.008823584409854096		0.009478753107935141								0.00789143236698234		0.005346903071334262
1851597																			
1851598		0.014757322214130106	0.010945925824571528	0.010379060162614888		0.01654767360532132	0.006823298539627465	0.008041510366340515	0.012879021649815556								0.008085299126961905		0.010192271267367532
1851599		0.0121400198804587	0.010454140813417067	0.010146849854776999		0.018262232294350738		0.0018878400072442861	0.014857139640594891								0.016176008097346123		0.01414038778460632
1851600																			
1851601																			
1851602																			
1851603																			
1851604																			
1851605		0.00762566908914692	0.0023514279491697997	0.016754307527397254		0.012015404946946088		0.0027502273987065878	0.003749024543384053								0.003841924142462512		0.006796120499239518
1851606		0.005104182635184966	0.009720597590357942	0.004310663988920325		0.0011128775834658134		0.010186417036530856	0.0009694187306127558								0.016047982577276392		0.0026875897332560767
1853827		0.020116427175034948	0.005614837004748904						0.020266554277663208								0.01764891875966173		
1853828		0.0019456689223531559							0.0046928202939935946								0.008376130107640498		
1853829		0.008133286959687396	0.0073688754518879546						0.011322975180008127								0.018503967368747876		
1853830		0.023344039238035907	0.008898211990250987	0.013686263481085006		0.014143429397097207	0.017571974943823586	0.007449495218637077	0.019485264484700286								0.02146092538032333		0.014151735376787173
1853831																			
1895945		0.006590671737288042																	
1895946		0.007684130935988773		0.0018745328043240706					0.0075610349072798575								0.005804921544889126		
1902524		0.014375451506991552	0.013724835759512107	0.006814132803267587		0.013176118264275762		0.01260107065892594	0.018375290169393918								0.008733993764463606		0.007548683324520767
1902525		0.007735094952787133		0.013471900178357026		0.009486921269911816			0.014446536970388777								0.005593689421216313		0.012520700389552834
1902526									0.02576798954948628										
1902527		0.017997967933931446	0.009745452473407332	0.013622440941952254		0.010189775867953436		0.010702721607927422	0.016948322230512923								0.006610041925206781		0.014511035899910608
1902528		0.017444040582210482	0.012237109806803878			0.01589013062098147			0.024496984120309206								0.0055916130699548		
1902529		0.010406000778647924							0.008631908513592463								0.006100716638537196		
1902530		0.016895741168972696	0.006064509417933714	0.011464118156344197		0.010561074747833991			0.023571830653584216								0.007413007481153358		0.01603673702747119
1902531		0.011340872399083974	0.005005608626998427	0.0062275366396517765		0.006748688287207203			0.010936280882457159								0.006054809555920203		0.016638761073122683
1902532		0.009576623517284782		0.009675443090500849				0.010594904158088572	0.010490159717455254								0.009749681529655996		
1902533		0.005451635185189355				0.010444069910690695			0.011421770854347467								0.0033116402081719955		
1902534		0.011037680368478816	0.003487896152042133	0.0040063940201290745		0.014449170414431584			0.01784993029999143								0.010302726783423559		0.007702133485322105
1902535		0.009515379426865572							0.006525765128680715										
1911302																			
1911303		0.010987737243759073				0.006602646813091072			0.025259826756134217										0.009738534596263459
2019416		0.0029742295456557026	0.00183790021865604						0.0069189217708492505					0.0022222222222222023					
2019417																			
2019418		0.026180837290898058	0.009177440744611921			0.008960668083915857			0.01805695685647285								0.021251435974442505		0.01780211103958157
2019419		0.010870360567634064	0.002503759653109941	0.000661246081504697		0.00655120231006766			0.008601554498407488								0.014464642197764955		0.008486028631411383
2019420		0.012996234778553068	0.0027822327119883025	0.0023611084042054154					0.004133573016630576										
2019421	0.05470122875600723	0.020900711826118346						0.007860219561717955									0.027065075857554296		
2029653		0.008419823584980043	0.007606345467215206	0.006824012582177832		0.006771242649928283			0.00347094369259281								0.004028220559251332		0.0010973022422921266
2029654		0.013474221281549178	0.030945806730238924	0.020164801476087478		0.015964540934368745			0.013285462550942954								0.006850914714145411		0.009873916481588436
2029655		0.0118890790804216	0.01249216091833349	0.009540565180792873		0.015215068348079888			0.020406658244848764								0.016407491157007358		0.007499836387683551
2029656		0.02430386137785172							0.008650809787526765								0.018208359243892518		
2029657		0.008288485907311401		0.00031700400489220054		0.008767259852647313			0.012907308888881999								0.0060339315375070885		
2082851																			
2082852						0.002731668129677017	0.015624644625524329	0.00405440669065696	0.0033208087366680015								0.0039025589692712154		0.00850611376927161
2082853						0.014482475300728687											0.005459813674517499		
2098398																			
2098399		0.015623633897953938	0.00829374013154348	0.03276731968019198		0.011532916694323514	0.0071016456494865515	0.003825262802789537	0.024107207792336327								0.010540406589527363		0.023969457495823247
