contig	D100_OUT	D11_OUT	D17_OUT	D26_OUT	D27_OUT	D2_OUT	D32_OUT	D34_OUT	D36_OUT	D40_OUT	D42_OUT	D60_OUT	D65_OUT	D71_OUT	D7_OUT	D85_OUT	D87_OUT	D88_OUT	D92_OUT
p_00000001	0.0	0.0	0.0	0.29411764705882354	0.0	0.0	0.0	0.0	0.39784301977231873	0.0	0.0	0.0	0.0	0.0	0.0	0.0	0.0	0.0	0.0
p_00000002	0.0	0.0	0.0	0.0	0.0	0.0	0.0	0.3333333333333333	0.0	0.0	0.0	0.0	0.0	0.0	0.0	0.0	0.0	0.0	0.0
p_00000004	0.0	0.0	0.0	0.0	0.0	0.5026455026455027	0.0	0.0	0.0	0.0	0.0	0.0	0.0	0.0	0.0	0.0	0.0	0.0	0.0
p_00000005	0.0	0.4892433234421365	0.0	0.0	0.0	0.3524590163934426	0.25	0.0	0.4813591316658801	0.0	0.0	0.0	0.0	0.0	0.0	0.4336963484945548	0.0	0.0	0.4044943820224719
p_00000006	0.0	0.3689286944540131	0.0	0.0	0.0	0.3125	0.0	0.0	0.3855809462504023	0.0	0.0	0.0	0.0	0.0	0.0	0.0	0.0	0.0	0.27380952380952384
p_00000011	0.0	0.0	0.3707482993197279	0.4628099173553719	0.0	0.0	0.0	0.4117647058823529	0.0	0.0	0.0	0.0	0.0	0.0	0.0	0.0	0.0	0.0	0.0
p_00000014	0.0	0.0	0.27941176470588236	0.0	0.0	0.0	0.0	0.4782608695652174	0.2722914669223394	0.0	0.0	0.0	0.0	0.0	0.0	0.0	0.0	0.0	0.0
p_00000015	0.0	0.0	0.0	0.3025210084033613	0.0	0.0	0.0	0.0	0.40877914951989025	0.0	0.0	0.45	0.0	0.0	0.0	0.0	0.0	0.0	0.0
p_00000017	0.0	0.3995967741935484	0.0	0.4383561643835616	0.0	0.2976190476190476	0.0	0.0	0.4989406779661017	0.0	0.0	0.0	0.0	0.0	0.0	0.0	0.0	0.0	0.3150684931506849
p_00000018	0.0	0.4259082217973231	0.0	0.0	0.0	0.25688073394495414	0.0	0.0	0.43740095087163233	0.0	0.0	0.4	0.0	0.0	0.0	0.0	0.0	0.0	0.2982456140350877
p_00000019	0.0	0.3036082474226804	0.0	0.0	0.0	0.4	0.0	0.0	0.2948021722265322	0.0	0.0	0.4375	0.0	0.0	0.0	0.0	0.0	0.0	0.33766233766233766
p_00000021	0.0	0.3169129720853859	0.0	0.0	0.0	0.45714285714285713	0.0	0.0	0.0	0.0	0.0	0.0	0.0	0.0	0.0	0.0	0.0	0.0	0.0
p_00000022	0.0	0.38963730569948185	0.0	0.0	0.0	0.0	0.0	0.0	0.28402366863905326	0.0	0.0	0.0	0.0	0.0	0.0	0.0	0.0	0.0	0.0
p_00000024	0.0	0.0	0.0	0.0	0.0	0.4251968503937008	0.0	0.0	0.0	0.0	0.0	0.0	0.0	0.0	0.0	0.0	0.0	0.0	0.0
p_00000025	0.0	0.0	0.0	0.0	0.0	0.36885245901639346	0.0	0.0	0.0	0.0	0.0	0.0	0.0	0.0	0.0	0.0	0.0	0.0	0.0
p_00000026	0.0	0.0	0.0	0.0	0.0	0.4772727272727273	0.0	0.0	0.0	0.0	0.0	0.0	0.0	0.0	0.0	0.0	0.0	0.0	0.0
p_00000027	0.0	0.3466204506065858	0.0	0.0	0.0	0.0	0.0	0.0	0.4474885844748858	0.0	0.0	0.0	0.0	0.0	0.0	0.0	0.0	0.0	0.0
p_00000028	0.0	0.47231584015406836	0.0	0.0	0.0	0.0	0.0	0.0	0.0	0.0	0.0	0.0	0.0	0.0	0.0	0.0	0.0	0.0	0.0
p_00000029	0.0	0.42218717139852785	0.0	0.0	0.0	0.3416666666666667	0.0	0.0	0.4862604540023895	0.0	0.0	0.2857142857142857	0.0	0.0	0.0	0.0	0.0	0.0	0.3050847457627119
p_00000034	0.4316546762589928	0.3383436486884763	0.47414880201765447	0.46153846153846156	0.4830508474576271	0.45751633986928103	0.0	0.34375	0.32848392036753443	0.4438202247191011	0.0	0.44	0.0	0.0	0.46596858638743455	0.5002785515320334	0.0	0.486810551558753	0.0
p_00000035	0.0	0.0	0.0	0.0	0.0	0.2972972972972973	0.0	0.0	0.0	0.0	0.0	0.0	0.0	0.0	0.0	0.0	0.0	0.0	0.0
p_00000036	0.46975806451612906	0.3727810650887574	0.4445768772348033	0.4594594594594595	0.4625	0.46534653465346537	0.5	0.5	0.48946515397082657	0.4252577319587629	0.3	0.5	0.0	0.0	0.0	0.46997690531177827	0.3877358490566038	0.432183908045977	0.40816326530612246
p_00000037	0.4538878842676311	0.4734428735192969	0.48812351543942994	0.4953271028037383	0.46484375	0.4494949494949495	0.0	0.36	0.4031413612565445	0.45231607629427795	0.0	0.25	0.0	0.0	0.43529411764705883	0.4810126582278481	0.4633879781420765	0.46788990825688076	0.47959183673469385
p_00000038	0.48841354723707664	0.43505338078291816	0.49502487562189057	0.43478260869565216	0.47345132743362833	0.4972972972972973	0.2727272727272727	0.3333333333333333	0.4451901565995526	0.4684931506849315	0.0	0.375	0.0	0.0	0.42857142857142855	0.4702419882275997	0.4485549132947977	0.42280285035629456	0.4482758620689655
p_00000039	0.4982394366197183	0.43569203382287497	0.4993757802746567	0.4424778761061947	0.4642857142857143	0.4972677595628415	0.2727272727272727	0.3333333333333333	0.4408482142857143	0.4657534246575342	0.0	0.375	0.0	0.0	0.4175824175824176	0.4769736842105263	0.45662100456621	0.4292565947242206	0.449438202247191
p_00000040	0.48845470692717585	0.44182948490230906	0.4944237918215613	0.4444444444444444	0.47533632286995514	0.5	0.2727272727272727	0.3333333333333333	0.43905191873589167	0.45604395604395603	0.0	0.375	0.0	0.0	0.43529411764705883	0.47706422018348627	0.43082114735658045	0.4292565947242206	0.43529411764705883
p_00000041	0.46853146853146854	0.4590669014084507	0.4842233009708738	0.4830508474576271	0.5	0.478494623655914	0.2727272727272727	0.3333333333333333	0.4176795580110497	0.4327956989247312	0.0	0.35294117647058826	0.0	0.0	0.4470588235294118	0.4941860465116279	0.44333333333333336	0.4433734939759036	0.4827586206896552
p_00000042	0.3233890214797136	0.39105504587155965	0.42064372918978915	0.3582887700534759	0.3918918918918919	0.46368715083798884	0.0	0.25	0.30652503793626706	0.33902439024390246	0.35714285714285715	0.3333333333333333	0.0	0.0	0.368	0.4499437570303712	0.4973056197074673	0.47890295358649787	0.4322033898305085
p_00000043	0.3137724550898204	0.37321497491316097	0.41721132897603486	0.34615384615384615	0.3713355048859935	0.46842105263157896	0.0	0.0	0.29776119402985074	0.30900243309002434	0.3333333333333333	0.35714285714285715	0.0	0.0	0.35877862595419846	0.4355191256830601	0.48516320474777447	0.48497854077253216	0.47058823529411764
p_00000044	0.0	0.38827361563517915	0.4375	0.3111111111111111	0.38071065989847713	0.48201438848920863	0.0	0.0	0.3219094247246022	0.2825278810408922	0.0	0.4666666666666667	0.0	0.0	0.44642857142857145	0.4738589211618257	0.44226327944572746	0.48355263157894735	0.42696629213483145
p_00000045	0.0	0.37133333333333335	0.4305799648506151	0.3132530120481928	0.36507936507936506	0.47761194029850745	0.0	0.0	0.0	0.28627450980392155	0.0	0.38461538461538464	0.0	0.0	0.46296296296296297	0.479185119574845	0.44348894348894347	0.46996466431095407	0.4418604651162791
p_00000046	0.0	0.4214337436640116	0.4268774703557312	0.3492063492063492	0.3780487804878049	0.4634146341463415	0.0	0.0	0.4809917355371901	0.3004484304932735	0.0	0.3076923076923077	0.0	0.0	0.4807692307692308	0.4865134865134865	0.49592169657422513	0.4830188679245283	0.4444444444444444
p_00000048	0.0	0.2893258426966292	0.0	0.0	0.0	0.3474576271186441	0.0	0.34146341463414637	0.3954285714285714	0.0	0.0	0.36363636363636365	0.0	0.0	0.0	0.0	0.0	0.0	0.0
p_00000049	0.0	0.0	0.49516908212560384	0.0	0.0	0.0	0.0	0.42857142857142855	0.0	0.0	0.0	0.0	0.0	0.0	0.0	0.0	0.0	0.0	0.0
p_00000050	0.0	0.0	0.0	0.0	0.0	0.0	0.0	0.0	0.0	0.0	0.0	0.35714285714285715	0.0	0.0	0.0	0.0	0.0	0.0	0.0
p_00000051	0.0	0.0	0.0	0.0	0.0	0.0	0.0	0.0	0.0	0.0	0.0	0.0	0.0	0.0	0.0	0.0	0.2731893265565438	0.0	0.0
p_00000056	0.0	0.0	0.0	0.0	0.0	0.0	0.0	0.0	0.0	0.0	0.0	0.0	0.4666666666666667	0.0	0.0	0.0	0.4869215291750503	0.0	0.0
p_00000059	0.0	0.4043020193151888	0.0	0.0	0.0	0.3963963963963964	0.0	0.0	0.47410358565737054	0.0	0.0	0.2857142857142857	0.0	0.0	0.0	0.0	0.27320954907161804	0.0	0.0
p_00000064	0.0	0.35224089635854344	0.0	0.0	0.0	0.325	0.0	0.0	0.32696629213483147	0.0	0.0	0.3125	0.0	0.0	0.0	0.0	0.0	0.0	0.0
p_00000068	0.0	0.45219482862297056	0.0	0.39351851851851855	0.0	0.3064516129032258	0.0	0.0	0.0	0.0	0.0	0.25	0.0	0.0	0.0	0.0	0.0	0.0	0.2545454545454545
p_00000071	0.0	0.0	0.0	0.36097560975609755	0.0	0.0	0.0	0.0	0.4381568310428456	0.0	0.0	0.0	0.0	0.0	0.0	0.0	0.0	0.0	0.0
p_00000073	0.0	0.33197056418642684	0.25842696629213485	0.4703389830508475	0.0	0.3567567567567568	0.0	0.0	0.3748663101604278	0.0	0.0	0.3333333333333333	0.0	0.0	0.0	0.0	0.0	0.0	0.3448275862068966
p_00000078	0.0	0.42254273504273504	0.0	0.0	0.0	0.0	0.0	0.0	0.0	0.0	0.0	0.26666666666666666	0.0	0.0	0.0	0.0	0.0	0.0	0.4418604651162791
p_00000081	0.0	0.48767006802721086	0.0	0.0	0.0	0.2786885245901639	0.0	0.0	0.4378444580526638	0.0	0.0	0.35	0.0	0.0	0.0	0.0	0.0	0.0	0.31
p_00000082	0.0	0.4333855799373041	0.0	0.0	0.0	0.40625	0.0	0.0	0.0	0.0	0.0	0.29411764705882354	0.0	0.0	0.0	0.0	0.0	0.0	0.25301204819277107
p_00000083	0.0	0.0	0.0	0.0	0.0	0.0	0.0	0.3146067415730337	0.0	0.0	0.0	0.0	0.0	0.0	0.0	0.0	0.0	0.0	0.0
p_00000086	0.0	0.29753632343651293	0.0	0.0	0.0	0.0	0.0	0.0	0.2955112219451372	0.0	0.0	0.0	0.0	0.0	0.0	0.0	0.0	0.0	0.0
p_00000087	0.0	0.29905956112852666	0.0	0.0	0.0	0.0	0.0	0.0	0.3312958435207824	0.0	0.0	0.0	0.0	0.0	0.0	0.0	0.0	0.0	0.0
p_00000089	0.0	0.0	0.3774145616641902	0.47058823529411764	0.0	0.0	0.0	0.0	0.3677811550151976	0.0	0.0	0.0	0.0	0.0	0.0	0.0	0.0	0.0	0.0
p_00000091	0.0	0.0	0.0	0.0	0.0	0.0	0.0	0.375	0.0	0.0	0.0	0.0	0.0	0.0	0.0	0.0	0.0	0.0	0.0
p_00000092	0.0	0.2705146036161335	0.4789473684210526	0.0	0.0	0.0	0.0	0.375	0.0	0.0	0.0	0.0	0.0	0.0	0.0	0.0	0.0	0.0	0.0
p_00000094	0.0	0.33214829862874556	0.0	0.25308641975308643	0.0	0.0	0.0	0.0	0.2687007874015748	0.0	0.0	0.0	0.0	0.0	0.0	0.0	0.0	0.0	0.0
p_00000098	0.0	0.2799105478941483	0.0	0.0	0.48297213622291024	0.0	0.2702702702702703	0.0	0.3090787716955941	0.0	0.45	0.42105263157894735	0.0	0.0	0.0	0.0	0.0	0.0	0.0
p_00000100	0.0	0.0	0.0	0.46956521739130436	0.0	0.27722772277227725	0.0	0.0	0.40827586206896554	0.0	0.0	0.0	0.0	0.0	0.0	0.0	0.0	0.0	0.0
p_00000102	0.0	0.0	0.3810082063305979	0.33962264150943394	0.0	0.0	0.0	0.46846846846846846	0.39106529209621993	0.0	0.0	0.3333333333333333	0.0	0.0	0.0	0.0	0.0	0.0	0.0
p_00000103	0.0	0.35140771637122004	0.35545023696682465	0.45695364238410596	0.0	0.0	0.0	0.4811320754716981	0.3961038961038961	0.0	0.0	0.35294117647058826	0.0	0.0	0.0	0.0	0.0	0.0	0.0
p_00000104	0.0	0.0	0.36597938144329895	0.2995169082125604	0.0	0.2847222222222222	0.0	0.0	0.0	0.0	0.0	0.0	0.0	0.0	0.0	0.0	0.0	0.0	0.36363636363636365
p_00000106	0.0	0.4991394148020654	0.0	0.0	0.0	0.0	0.0	0.0	0.0	0.0	0.0	0.0	0.0	0.0	0.0	0.0	0.0	0.0	0.0
p_00000108	0.0	0.37296690970274815	0.5064695009242144	0.0	0.0	0.0	0.0	0.3076923076923077	0.0	0.0	0.0	0.2857142857142857	0.0	0.0	0.0	0.0	0.0	0.0	0.0
p_00000109	0.0	0.0	0.0	0.0	0.0	0.0	0.0	0.0	0.0	0.0	0.0	0.0	0.0	0.0	0.0	0.0	0.33827893175074186	0.0	0.0
p_00000112	0.0	0.4181752353367125	0.0	0.4646017699115044	0.0	0.30656934306569344	0.0	0.0	0.3383233532934132	0.0	0.0	0.0	0.0	0.0	0.0	0.0	0.0	0.0	0.26153846153846155
p_00000115	0.0	0.0	0.0	0.0	0.0	0.0	0.0	0.0	0.0	0.0	0.0	0.0	0.4	0.3673469387755102	0.0	0.0	0.0	0.0	0.0
p_00000117	0.0	0.0	0.0	0.0	0.0	0.0	0.0	0.0	0.0	0.0	0.0	0.4166666666666667	0.0	0.0	0.0	0.0	0.0	0.0	0.0
p_00000119	0.0	0.37159676232523914	0.0	0.0	0.0	0.29245283018867924	0.0	0.0	0.0	0.0	0.0	0.35294117647058826	0.0	0.0	0.0	0.0	0.0	0.0	0.33962264150943394
p_00000121	0.0	0.0	0.0	0.0	0.0	0.4789915966386555	0.0	0.3181818181818182	0.0	0.0	0.0	0.0	0.0	0.0	0.0	0.0	0.0	0.0	0.0
p_00000122	0.0	0.4246575342465753	0.0	0.0	0.0	0.37209302325581395	0.0	0.4935064935064935	0.31958762886597936	0.0	0.0	0.0	0.0	0.0	0.0	0.0	0.0	0.0	0.0
p_00000123	0.0	0.3133281371784879	0.0	0.4315068493150685	0.0	0.4188034188034188	0.0	0.0	0.4739538855678907	0.0	0.0	0.0	0.0	0.0	0.0	0.0	0.0	0.0	0.0
p_00000124	0.0	0.31762917933130697	0.0	0.4178082191780822	0.0	0.42735042735042733	0.0	0.0	0.47615062761506277	0.0	0.0	0.3076923076923077	0.0	0.0	0.0	0.0	0.0	0.0	0.0
p_00000125	0.0	0.31939684715558603	0.0	0.4357142857142857	0.0	0.432	0.0	0.0	0.4928511354079058	0.0	0.0	0.0	0.0	0.0	0.0	0.0	0.0	0.0	0.0
p_00000126	0.0	0.32340425531914896	0.0	0.4642857142857143	0.0	0.45217391304347826	0.0	0.0	0.4982758620689655	0.0	0.0	0.0	0.0	0.0	0.0	0.0	0.0	0.0	0.0
p_00000127	0.0	0.32150461320085166	0.0	0.4642857142857143	0.0	0.4690265486725664	0.0	0.0	0.4974137931034483	0.0	0.0	0.0	0.0	0.0	0.0	0.0	0.0	0.0	0.0
p_00000128	0.0	0.32264957264957267	0.0	0.460431654676259	0.0	0.44954128440366975	0.0	0.0	0.49740034662045063	0.0	0.0	0.0	0.0	0.0	0.0	0.0	0.0	0.0	0.0
p_00000129	0.0	0.3187195546276966	0.0	0.45185185185185184	0.0	0.4444444444444444	0.0	0.0	0.5012987012987012	0.0	0.0	0.0	0.0	0.0	0.0	0.0	0.0	0.0	0.0
p_00000130	0.0	0.0	0.0	0.0	0.0	0.3360655737704918	0.0	0.0	0.26011102299762096	0.0	0.0	0.38461538461538464	0.0	0.0	0.0	0.0	0.0	0.0	0.2608695652173913
p_00000134	0.0	0.4364224137931034	0.0	0.4745762711864407	0.0	0.0	0.0	0.0	0.29711375212224106	0.0	0.0	0.0	0.0	0.0	0.0	0.0	0.0	0.0	0.0
p_00000138	0.0	0.0	0.0	0.0	0.0	0.0	0.28846153846153844	0.0	0.0	0.0	0.0	0.0	0.0	0.0	0.0	0.0	0.0	0.0	0.0
p_00000149	0.0	0.0	0.4720229555236729	0.0	0.0	0.0	0.0	0.4260869565217391	0.0	0.0	0.0	0.0	0.0	0.0	0.0	0.0	0.0	0.0	0.0
p_00000165	0.0	0.3980121002592913	0.0	0.0	0.0	0.33986928104575165	0.0	0.0	0.42857142857142855	0.0	0.0	0.3181818181818182	0.0	0.0	0.0	0.0	0.0	0.0	0.0
p_00000167	0.0	0.0	0.0	0.0	0.0	0.0	0.0	0.0	0.0	0.0	0.0	0.0	0.0	0.0	0.0	0.0	0.4954128440366973	0.0	0.0
p_00000168	0.0	0.33384536610343063	0.0	0.0	0.0	0.3252032520325203	0.0	0.0	0.4906085649887303	0.0	0.0	0.42857142857142855	0.0	0.0	0.0	0.0	0.0	0.0	0.3673469387755102
p_00000180	0.0	0.2580019398642095	0.0	0.0	0.0	0.0	0.0	0.32558139534883723	0.0	0.0	0.0	0.0	0.0	0.0	0.0	0.0	0.0	0.0	0.0
p_00000181	0.0	0.4537712895377129	0.0	0.0	0.0	0.0	0.0	0.0	0.27109111361079863	0.0	0.0	0.3333333333333333	0.0	0.0	0.0	0.0	0.0	0.0	0.2608695652173913
p_00000185	0.0	0.0	0.0	0.0	0.0	0.0	0.0	0.0	0.0	0.0	0.0	0.3333333333333333	0.0	0.0	0.0	0.0	0.0	0.0	0.0
p_00000186	0.0	0.0	0.0	0.0	0.0	0.0	0.0	0.0	0.0	0.0	0.0	0.3333333333333333	0.0	0.0	0.0	0.0	0.0	0.0	0.0
p_00000187	0.0	0.0	0.0	0.0	0.0	0.0	0.0	0.0	0.0	0.0	0.0	0.3333333333333333	0.0	0.0	0.0	0.0	0.0	0.0	0.0
p_00000188	0.0	0.0	0.0	0.0	0.0	0.0	0.0	0.0	0.0	0.0	0.0	0.3333333333333333	0.0	0.0	0.0	0.0	0.0	0.0	0.0
p_00000189	0.0	0.0	0.0	0.0	0.0	0.0	0.0	0.0	0.0	0.0	0.0	0.3333333333333333	0.0	0.0	0.0	0.0	0.0	0.0	0.0
p_00000191	0.0	0.0	0.0	0.0	0.0	0.4461538461538462	0.0	0.0	0.0	0.0	0.0	0.0	0.0	0.0	0.0	0.0	0.0	0.0	0.0
p_00000192	0.0	0.0	0.0	0.0	0.0	0.4405594405594406	0.0	0.0	0.0	0.0	0.0	0.0	0.0	0.0	0.0	0.0	0.0	0.0	0.0
p_00000193	0.0	0.0	0.0	0.0	0.0	0.4835164835164835	0.0	0.0	0.0	0.0	0.0	0.0	0.0	0.0	0.0	0.0	0.0	0.0	0.0
p_00000195	0.0	0.3058527375707992	0.4723076923076923	0.26515151515151514	0.0	0.34513274336283184	0.0	0.0	0.0	0.0	0.0	0.0	0.0	0.0	0.0	0.0	0.0	0.0	0.0
p_00000199	0.0	0.0	0.0	0.0	0.0	0.0	0.0	0.0	0.0	0.0	0.0	0.0	0.0	0.0	0.0	0.0	0.37333333333333335	0.0	0.0
p_00000200	0.0	0.0	0.0	0.0	0.0	0.0	0.0	0.0	0.0	0.0	0.0	0.0	0.0	0.0	0.0	0.0	0.40384615384615385	0.0	0.0
p_00000202	0.0	0.282561505065123	0.0	0.0	0.0	0.2682926829268293	0.0	0.0	0.4038353073886069	0.0	0.0	0.46153846153846156	0.0	0.0	0.0	0.0	0.0	0.0	0.2542372881355932
p_00000204	0.0	0.0	0.0	0.0	0.0	0.0	0.0	0.0	0.0	0.0	0.0	0.2857142857142857	0.0	0.0	0.0	0.0	0.0	0.0	0.0
p_00000205	0.0	0.0	0.0	0.0	0.0	0.43137254901960786	0.0	0.0	0.0	0.0	0.0	0.0	0.0	0.0	0.0	0.0	0.0	0.0	0.0
p_00000206	0.0	0.0	0.0	0.0	0.0	0.0	0.0	0.0	0.25200356188780054	0.0	0.0	0.0	0.0	0.0	0.0	0.0	0.0	0.0	0.0
p_00000207	0.0	0.0	0.0	0.0	0.0	0.0	0.0	0.0	0.0	0.0	0.0	0.0	0.0	0.0	0.0	0.0	0.0	0.0	0.45161290322580644
p_00000208	0.0	0.48039825762289984	0.0	0.0	0.0	0.3103448275862069	0.0	0.0	0.4021257750221435	0.0	0.0	0.4	0.0	0.0	0.0	0.0	0.0	0.0	0.3684210526315789
p_00000211	0.0	0.3396124865446717	0.0	0.0	0.0	0.0	0.4838709677419355	0.0	0.3090507726269316	0.0	0.0	0.2727272727272727	0.0	0.0	0.0	0.0	0.0	0.0	0.43283582089552236
p_00000212	0.0	0.4990393852065322	0.0	0.0	0.0	0.34	0.0	0.0	0.3998100664767331	0.0	0.0	0.3	0.0	0.0	0.0	0.0	0.0	0.0	0.3
p_00000213	0.0	0.359612724757953	0.0	0.0	0.0	0.3488372093023256	0.0	0.0	0.3485342019543974	0.0	0.0	0.25	0.0	0.0	0.0	0.0	0.0	0.0	0.26666666666666666
p_00000214	0.0	0.0	0.0	0.0	0.0	0.4845360824742268	0.0	0.0	0.0	0.0	0.0	0.0	0.0	0.0	0.0	0.0	0.0	0.0	0.0
p_00000215	0.3055091819699499	0.0	0.0	0.0	0.0	0.0	0.0	0.0	0.0	0.0	0.0	0.0	0.0	0.0	0.0	0.0	0.0	0.0	0.44715447154471544
p_00000216	0.0	0.40028901734104044	0.0	0.0	0.0	0.0	0.0	0.0	0.31812577065351416	0.0	0.0	0.0	0.0	0.0	0.0	0.0	0.0	0.0	0.0
p_00000217	0.0	0.39609483960948394	0.0	0.0	0.0	0.0	0.0	0.3333333333333333	0.4075471698113208	0.0	0.0	0.5	0.0	0.0	0.0	0.0	0.0	0.0	0.0
p_00000218	0.0	0.2716180371352785	0.0	0.474025974025974	0.0	0.0	0.0	0.0	0.36751548520302824	0.0	0.0	0.47058823529411764	0.0	0.0	0.0	0.0	0.0	0.0	0.0
p_00000226	0.4915711395819285	0.28123958680439853	0.4214876033057851	0.2606060606060606	0.47244094488188976	0.43190661478599224	0.3582089552238806	0.45714285714285713	0.36789129340714644	0.4745269286754003	0.3695652173913043	0.2857142857142857	0.0	0.0	0.3941908713692946	0.0	0.0	0.0	0.4
p_00000227	0.32447552447552447	0.5843491938655132	0.45374094931617054	0.3937007874015748	0.38461538461538464	0.4567307692307692	0.43661971830985913	0.41216216216216217	0.4930643127364439	0.3231046931407942	0.42424242424242425	0.0	0.0	0.0	0.41044776119402987	0.0	0.0	0.0	0.5
p_00000228	0.3237762237762238	0.4403921568627451	0.45024077046548955	0.3937007874015748	0.3782051282051282	0.45933014354066987	0.43661971830985913	0.40540540540540543	0.4883866917765223	0.32321428571428573	0.42424242424242425	0.0	0.0	0.0	0.4007352941176471	0.0	0.0	0.0	0.5
p_00000229	0.3220108695652174	0.4189693801344287	0.45245641838351824	0.38345864661654133	0.38125	0.4423963133640553	0.4520547945205479	0.40789473684210525	0.4832009773976787	0.3293103448275862	0.46153846153846156	0.0	0.0	0.0	0.4013840830449827	0.0	0.0	0.0	0.49333333333333335
p_00000230	0.0	0.2893681043129388	0.0	0.0	0.0	0.0	0.42727272727272725	0.0	0.3127413127413127	0.0	0.2702702702702703	0.35714285714285715	0.0	0.0	0.0	0.0	0.0	0.0	0.3645833333333333
p_00000231	0.48545765611633873	0.27109591967528307	0.0	0.0	0.4729241877256318	0.4925373134328358	0.49137931034482757	0.4649122807017544	0.3808767471410419	0.48574057037718493	0.2641509433962264	0.2857142857142857	0.0	0.0	0.4647577092511013	0.0	0.0	0.0	0.45454545454545453
p_00000232	0.49084096586178183	0.4592215013901761	0.5889855072463768	0.0	0.49355432780847147	0.44610778443113774	0.4921875	0.35294117647058826	0.35669212886084356	0.4573110893032385	0.3953488372093023	0.0	0.0	0.0	0.49271844660194175	0.0	0.0	0.0	0.34838709677419355
p_00000233	0.43350062735257217	0.0	0.3183707398171239	0.0	0.4164305949008499	0.3179916317991632	0.0	0.3387096774193548	0.0	0.42511346444780634	0.0	0.0	0.0	0.0	0.3788546255506608	0.0	0.0	0.0	0.0
p_00000235	0.0	0.0	0.0	0.0	0.0	0.0	0.0	0.0	0.3975609756097561	0.0	0.0	0.0	0.0	0.0	0.0	0.0	0.3971631205673759	0.0	0.0
p_00000239	0.0	0.3690830850711685	0.0	0.0	0.0	0.4451219512195122	0.0	0.0	0.29548627268496974	0.0	0.0	0.4166666666666667	0.0	0.0	0.0	0.0	0.0	0.0	0.288135593220339
p_00000240	0.0	0.377326565143824	0.0	0.0	0.0	0.3821656050955414	0.0	0.0	0.2970941883767535	0.0	0.0	0.46153846153846156	0.0	0.0	0.0	0.0	0.0	0.0	0.0
p_00000241	0.0	0.3626373626373626	0.0	0.0	0.0	0.3310344827586207	0.0	0.0	0.3251287922152261	0.0	0.0	0.4	0.0	0.0	0.0	0.0	0.0	0.0	0.2597402597402597
p_00000258	0.0	0.0	0.0	0.42196531791907516	0.0	0.0	0.0	0.38613861386138615	0.0	0.0	0.0	0.3157894736842105	0.0	0.0	0.0	0.0	0.0	0.0	0.0
p_00000259	0.0	0.0	0.0	0.0	0.0	0.34146341463414637	0.0	0.0	0.0	0.0	0.0	0.4166666666666667	0.0	0.0	0.0	0.0	0.0	0.0	0.0
p_00000260	0.0	0.4051412020275163	0.0	0.0	0.0	0.43506493506493504	0.0	0.3888888888888889	0.0	0.0	0.0	0.46153846153846156	0.0	0.0	0.0	0.0	0.0	0.0	0.0
p_00000262	0.0	0.42881213142375735	0.0	0.0	0.0	0.39855072463768115	0.0	0.0	0.3203125	0.0	0.0	0.4	0.0	0.0	0.0	0.0	0.0	0.0	0.0
p_00000263	0.0	0.0	0.0	0.0	0.0	0.0	0.0	0.0	0.0	0.0	0.0	0.375	0.0	0.0	0.0	0.0	0.0	0.0	0.0
p_00000264	0.0	0.0	0.0	0.2608695652173913	0.0	0.0	0.0	0.3684210526315789	0.0	0.0	0.0	0.2857142857142857	0.0	0.0	0.0	0.0	0.0	0.0	0.0
p_00000265	0.0	0.35074013157894735	0.0	0.3983739837398374	0.0	0.0	0.0	0.47674418604651164	0.0	0.0	0.0	0.0	0.0	0.0	0.0	0.0	0.0	0.0	0.29213483146067415
p_00000266	0.0	0.4817615658362989	0.0	0.2655367231638418	0.0	0.0	0.0	0.0	0.28377230246389124	0.0	0.0	0.2857142857142857	0.0	0.0	0.0	0.0	0.0	0.0	0.0
p_00000267	0.0	0.46069103655483223	0.0	0.0	0.0	0.3013698630136986	0.0	0.0	0.2700087950747581	0.0	0.0	0.4	0.0	0.0	0.0	0.0	0.0	0.0	0.0
p_00000268	0.0	0.0	0.0	0.0	0.0	0.25735294117647056	0.0	0.35802469135802467	0.4503610108303249	0.0	0.0	0.0	0.0	0.0	0.0	0.0	0.0	0.0	0.25
p_00000269	0.0	0.45202952029520294	0.0	0.0	0.0	0.0	0.0	0.4625	0.0	0.0	0.0	0.25	0.0	0.0	0.0	0.0	0.0	0.0	0.0
p_00000270	0.0	0.3851528384279476	0.0	0.4657534246575342	0.0	0.0	0.0	0.0	0.34615384615384615	0.0	0.0	0.0	0.0	0.0	0.0	0.0	0.0	0.0	0.0
p_00000271	0.0	0.26410564225690275	0.0	0.3712121212121212	0.0	0.0	0.0	0.0	0.36793183578621225	0.0	0.0	0.35294117647058826	0.0	0.0	0.0	0.0	0.0	0.0	0.0
p_00000272	0.0	0.2887218045112782	0.0	0.3974358974358974	0.0	0.0	0.0	0.0	0.4307479224376731	0.0	0.0	0.0	0.0	0.0	0.0	0.0	0.0	0.0	0.0
p_00000273	0.0	0.25842696629213485	0.0	0.0	0.0	0.0	0.0	0.0	0.0	0.0	0.0	0.0	0.0	0.0	0.0	0.0	0.0	0.0	0.0
p_00000274	0.0	0.0	0.0	0.46153846153846156	0.47802197802197804	0.39901477832512317	0.0	0.0	0.0	0.4916387959866221	0.0	0.0	0.0	0.0	0.46511627906976744	0.0	0.0	0.0	0.0
p_00000275	0.0	0.0	0.0	0.0	0.0	0.0	0.0	0.0	0.4275956284153005	0.0	0.0	0.3076923076923077	0.0	0.0	0.0	0.0	0.0	0.0	0.0
