22285
51998
52001
52004
52005
52014
52016
52017
71430
71432
71433
71437
74893
87485
113741
129053
129054
129056
129064
129065
250476
250478
250481
258808
258823
258824
258825
258829
261790
261793
262341
296247
296248
300977
300979
451863
451864
451873
451880
462448
462457
462461
462464
462465
462466
470287
470290
542677
542678
691513
691514
691518
691519
691521
691522
691523
691529
691530
691532
745870
748547
909451
929210
929214
929216
929223
943038
958279
1004518
1009722
1009727
1009730
1009731
1159920
1159929
1212845
1212847
1212850
1215298
1215300
1348277
1350772
1350775
1350777
1350779
1350786
1350787
1350789
1350790
1352386
1352387
1352388
1352390
1352392
1366057
1371995
1371996
1409095
1430143
1430150
1430156
1592607
1592608
1592613
1635481
1654858
1654859
1794729
1794732
1794735
1794736
1802420
1802422
1802424
1803700
1806626
1806629
1806632
1807484
1807485
1807491
1807493
1842123
1842126
1847186
1851583
1851585
1851588
1851589
1851590
1851593
1851596
1851598
1853830
1853831
1902524
1902527
1902534
1911303
2029653
2082853
