corresponding_gene_call	D100_OUT	D11_OUT	D17_OUT	D26_OUT	D27_OUT	D2_OUT	D32_OUT	D34_OUT	D36_OUT	D40_OUT	D42_OUT	D60_OUT	D65_OUT	D71_OUT	D7_OUT	D85_OUT	D87_OUT	D88_OUT	D92_OUT
22282	0.0	9.0	6.0	7.0	0.0	12.0	3.0	0.0	6.0	0.0	2.0	0.0	1.0	0.0	0.0	0.0	21.0	0.0	14.0
22283	0.0	3.0	2.0	3.0	0.0	4.0	2.0	1.0	4.0	0.0	0.0	0.0	0.0	0.0	0.0	0.0	4.0	0.0	3.0
22284	0.0	0.0	0.0	0.0	0.0	0.0	0.0	0.0	0.0	0.0	0.0	0.0	0.0	0.0	0.0	0.0	2.0	0.0	0.0
22285	0.0	20.0	9.0	11.0	0.0	19.0	6.0	6.0	17.0	0.0	2.0	1.0	0.0	3.0	0.0	0.0	24.0	0.0	19.0
22286	1.0	29.0	15.0	12.0	1.0	24.0	14.0	8.0	27.0	0.0	1.0	0.0	0.0	0.0	4.0	14.0	33.0	0.0	26.0
22287	0.0	17.0	14.0	9.0	0.0	21.0	0.0	1.0	19.0	0.0	0.0	1.0	0.0	0.0	0.0	0.0	25.0	0.0	14.0
22288	0.0	2.0	3.0	0.0	0.0	2.0	0.0	0.0	5.0	0.0	0.0	1.0	0.0	1.0	0.0	0.0	5.0	0.0	2.0
22289	0.0	2.0	4.0	0.0	0.0	3.0	0.0	0.0	2.0	0.0	0.0	0.0	0.0	0.0	1.0	0.0	8.0	0.0	1.0
22290	0.0	1.0	0.0	0.0	0.0	0.0	0.0	0.0	2.0	0.0	0.0	0.0	0.0	1.0	0.0	0.0	4.0	0.0	0.0
22291	0.0	3.0	1.0	2.0	0.0	2.0	1.0	1.0	6.0	0.0	0.0	0.0	0.0	1.0	0.0	0.0	7.0	0.0	2.0
22292	0.0	9.0	6.0	8.0	0.0	8.0	1.0	3.0	15.0	0.0	0.0	0.0	0.0	1.0	2.0	0.0	25.0	0.0	7.0
22293	0.0	4.0	1.0	0.0	0.0	5.0	2.0	1.0	6.0	0.0	0.0	0.0	1.0	0.0	1.0	0.0	10.0	0.0	3.0
22294	0.0	5.0	4.0	0.0	0.0	5.0	1.0	3.0	5.0	0.0	0.0	0.0	0.0	1.0	0.0	0.0	4.0	0.0	4.0
22295	0.0	0.0	0.0	0.0	0.0	1.0	0.0	0.0	2.0	0.0	0.0	0.0	0.0	0.0	0.0	0.0	4.0	0.0	0.0
22296	0.0	3.0	4.0	0.0	0.0	6.0	0.0	1.0	5.0	0.0	0.0	0.0	1.0	0.0	0.0	0.0	8.0	0.0	5.0
22297	0.0	4.0	4.0	3.0	0.0	3.0	0.0	0.0	5.0	0.0	0.0	1.0	0.0	0.0	0.0	0.0	11.0	0.0	3.0
22298	0.0	3.0	4.0	3.0	0.0	2.0	1.0	1.0	2.0	0.0	0.0	0.0	0.0	0.0	0.0	0.0	3.0	0.0	3.0
51997	6.0	22.0	8.0	7.0	6.0	12.0	1.0	3.0	22.0	5.0	0.0	1.0	1.0	3.0	3.0	0.0	17.0	0.0	17.0
51998	0.0	5.0	6.0	2.0	0.0	5.0	1.0	2.0	5.0	0.0	0.0	0.0	0.0	2.0	0.0	0.0	8.0	0.0	5.0
51999	10.0	7.0	5.0	10.0	4.0	10.0	7.0	10.0	7.0	0.0	1.0	0.0	1.0	0.0	13.0	0.0	8.0	0.0	11.0
52000	0.0	1.0	0.0	0.0	0.0	1.0	0.0	0.0	1.0	0.0	0.0	0.0	0.0	0.0	0.0	0.0	2.0	0.0	1.0
52001	0.0	19.0	11.0	11.0	0.0	16.0	4.0	4.0	17.0	0.0	0.0	0.0	0.0	2.0	1.0	0.0	18.0	0.0	10.0
52002	0.0	6.0	7.0	4.0	0.0	6.0	0.0	1.0	10.0	0.0	0.0	0.0	0.0	2.0	2.0	0.0	10.0	0.0	6.0
52003	0.0	5.0	6.0	10.0	0.0	6.0	11.0	5.0	5.0	0.0	0.0	0.0	0.0	1.0	0.0	0.0	5.0	1.0	4.0
52004	0.0	2.0	2.0	1.0	0.0	2.0	1.0	1.0	2.0	0.0	0.0	0.0	0.0	0.0	1.0	0.0	1.0	0.0	1.0
52005	0.0	20.0	7.0	17.0	1.0	15.0	10.0	6.0	22.0	0.0	0.0	0.0	2.0	0.0	0.0	0.0	17.0	0.0	17.0
52006	0.0	2.0	1.0	1.0	0.0	1.0	1.0	0.0	4.0	0.0	0.0	0.0	0.0	0.0	0.0	0.0	4.0	0.0	1.0
52007	0.0	4.0	1.0	1.0	0.0	1.0	0.0	1.0	5.0	10.0	0.0	0.0	8.0	5.0	1.0	0.0	1.0	0.0	0.0
52008	0.0	6.0	4.0	3.0	0.0	3.0	1.0	3.0	5.0	0.0	0.0	0.0	0.0	0.0	1.0	0.0	13.0	0.0	4.0
52009	0.0	8.0	9.0	2.0	0.0	8.0	0.0	0.0	9.0	0.0	0.0	0.0	0.0	1.0	0.0	0.0	10.0	0.0	7.0
52010	0.0	9.0	6.0	7.0	0.0	7.0	0.0	2.0	12.0	0.0	0.0	0.0	0.0	1.0	0.0	0.0	7.0	0.0	9.0
52011	0.0	2.0	1.0	1.0	0.0	2.0	0.0	0.0	3.0	0.0	0.0	0.0	0.0	0.0	0.0	0.0	2.0	0.0	2.0
52012	0.0	12.0	6.0	7.0	0.0	10.0	3.0	5.0	9.0	0.0	0.0	0.0	0.0	3.0	0.0	0.0	13.0	1.0	6.0
52013	0.0	22.0	10.0	22.0	0.0	16.0	3.0	9.0	15.0	0.0	0.0	0.0	0.0	0.0	0.0	0.0	7.0	0.0	12.0
52014	0.0	13.0	5.0	9.0	0.0	6.0	4.0	3.0	9.0	0.0	0.0	1.0	0.0	1.0	0.0	0.0	5.0	0.0	5.0
52015	0.0	6.0	1.0	7.0	0.0	3.0	1.0	1.0	6.0	0.0	0.0	0.0	0.0	0.0	10.0	0.0	2.0	3.0	3.0
52016	0.0	37.0	8.0	8.0	0.0	7.0	3.0	7.0	30.0	0.0	1.0	0.0	2.0	0.0	0.0	0.0	12.0	0.0	8.0
52017	0.0	87.0	16.0	23.0	0.0	16.0	8.0	10.0	36.0	0.0	1.0	0.0	0.0	2.0	0.0	0.0	23.0	0.0	13.0
52018	0.0	16.0	4.0	5.0	0.0	7.0	1.0	0.0	14.0	0.0	0.0	0.0	0.0	0.0	1.0	0.0	6.0	0.0	6.0
52019	0.0	11.0	2.0	0.0	0.0	4.0	0.0	0.0	3.0	0.0	0.0	0.0	0.0	0.0	0.0	0.0	4.0	0.0	2.0
52020	0.0	10.0	2.0	3.0	0.0	3.0	0.0	0.0	9.0	0.0	0.0	0.0	0.0	1.0	1.0	0.0	4.0	0.0	4.0
71429	0.0	2.0	2.0	2.0	0.0	2.0	0.0	0.0	2.0	0.0	0.0	0.0	0.0	0.0	0.0	0.0	0.0	0.0	2.0
71430	0.0	20.0	14.0	18.0	0.0	28.0	3.0	6.0	60.0	0.0	0.0	6.0	0.0	3.0	0.0	0.0	20.0	0.0	18.0
71431	0.0	6.0	2.0	2.0	0.0	7.0	2.0	1.0	26.0	0.0	0.0	0.0	0.0	0.0	3.0	0.0	1.0	0.0	5.0
71432	0.0	14.0	7.0	6.0	0.0	12.0	2.0	2.0	38.0	0.0	0.0	2.0	0.0	2.0	0.0	0.0	17.0	0.0	3.0
71433	0.0	9.0	6.0	2.0	0.0	8.0	4.0	4.0	46.0	0.0	0.0	1.0	0.0	0.0	1.0	0.0	18.0	0.0	7.0
71434	1.0	8.0	1.0	1.0	1.0	8.0	0.0	0.0	8.0	0.0	0.0	0.0	0.0	0.0	0.0	0.0	7.0	0.0	4.0
71435	0.0	6.0	1.0	1.0	0.0	6.0	1.0	2.0	28.0	0.0	0.0	0.0	1.0	1.0	1.0	0.0	3.0	0.0	4.0
71436	0.0	4.0	4.0	0.0	0.0	7.0	0.0	0.0	19.0	0.0	0.0	0.0	0.0	1.0	0.0	0.0	7.0	0.0	4.0
71437	1.0	12.0	3.0	5.0	0.0	8.0	0.0	1.0	18.0	0.0	0.0	2.0	0.0	2.0	0.0	1.0	6.0	0.0	5.0
71438	0.0	5.0	1.0	0.0	0.0	0.0	0.0	0.0	3.0	0.0	0.0	0.0	0.0	0.0	0.0	0.0	0.0	0.0	0.0
74891	0.0	6.0	2.0	4.0	0.0	5.0	1.0	2.0	15.0	0.0	0.0	0.0	0.0	0.0	0.0	0.0	3.0	0.0	4.0
74892	0.0	8.0	6.0	9.0	0.0	6.0	0.0	2.0	25.0	0.0	0.0	0.0	0.0	2.0	0.0	0.0	3.0	0.0	5.0
74893	0.0	9.0	4.0	9.0	0.0	15.0	1.0	4.0	42.0	0.0	0.0	0.0	1.0	2.0	0.0	0.0	8.0	0.0	9.0
74894	0.0	3.0	2.0	5.0	0.0	8.0	3.0	3.0	61.0	0.0	0.0	1.0	0.0	0.0	0.0	0.0	12.0	1.0	4.0
74895	0.0	0.0	0.0	1.0	0.0	2.0	0.0	1.0	6.0	0.0	0.0	0.0	0.0	0.0	0.0	0.0	3.0	0.0	0.0
74896	0.0	1.0	1.0	2.0	0.0	2.0	0.0	1.0	18.0	0.0	0.0	0.0	0.0	1.0	3.0	0.0	3.0	0.0	1.0
74897	0.0	2.0	2.0	1.0	0.0	2.0	3.0	1.0	8.0	0.0	0.0	1.0	0.0	4.0	0.0	0.0	6.0	0.0	3.0
74898	1.0	7.0	7.0	0.0	0.0	11.0	0.0	0.0	45.0	0.0	0.0	0.0	0.0	0.0	0.0	0.0	13.0	0.0	6.0
74899	0.0	10.0	2.0	6.0	0.0	12.0	0.0	0.0	15.0	0.0	0.0	0.0	0.0	3.0	0.0	0.0	9.0	0.0	7.0
74900	7.0	5.0	9.0	7.0	8.0	7.0	0.0	0.0	3.0	8.0	0.0	0.0	0.0	0.0	7.0	0.0	2.0	0.0	7.0
87484	0.0	0.0	0.0	1.0	0.0	0.0	0.0	0.0	2.0	0.0	0.0	0.0	0.0	0.0	3.0	0.0	2.0	0.0	0.0
87485	25.0	52.0	37.0	34.0	19.0	47.0	6.0	10.0	149.0	18.0	6.0	10.0	2.0	5.0	31.0	18.0	67.0	18.0	44.0
113732	0.0	7.0	2.0	5.0	0.0	6.0	5.0	2.0	25.0	0.0	0.0	0.0	3.0	3.0	0.0	0.0	8.0	0.0	5.0
113733	0.0	2.0	0.0	1.0	0.0	1.0	0.0	1.0	7.0	0.0	0.0	0.0	0.0	1.0	0.0	0.0	5.0	0.0	1.0
113734	0.0	7.0	1.0	4.0	0.0	6.0	5.0	3.0	32.0	0.0	0.0	3.0	0.0	1.0	0.0	0.0	11.0	0.0	6.0
113735	0.0	6.0	3.0	1.0	0.0	5.0	3.0	1.0	12.0	0.0	0.0	0.0	0.0	1.0	0.0	0.0	4.0	0.0	3.0
113736	0.0	1.0	1.0	0.0	0.0	1.0	1.0	0.0	17.0	0.0	0.0	0.0	2.0	1.0	0.0	0.0	7.0	0.0	1.0
113738	0.0	1.0	0.0	0.0	0.0	1.0	1.0	0.0	1.0	0.0	0.0	0.0	0.0	0.0	0.0	0.0	0.0	0.0	1.0
113739	0.0	1.0	0.0	0.0	0.0	2.0	1.0	0.0	3.0	0.0	0.0	1.0	0.0	0.0	0.0	0.0	2.0	0.0	2.0
113740	0.0	0.0	0.0	0.0	0.0	0.0	0.0	0.0	2.0	0.0	0.0	0.0	0.0	1.0	0.0	0.0	4.0	0.0	0.0
113741	0.0	7.0	5.0	1.0	0.0	7.0	1.0	0.0	11.0	0.0	0.0	2.0	0.0	1.0	0.0	0.0	4.0	0.0	6.0
113742	0.0	0.0	0.0	0.0	0.0	0.0	0.0	0.0	7.0	0.0	0.0	0.0	0.0	0.0	0.0	0.0	2.0	0.0	0.0
129051	0.0	28.0	7.0	7.0	0.0	8.0	0.0	0.0	30.0	0.0	0.0	0.0	1.0	3.0	0.0	0.0	20.0	0.0	16.0
129052	0.0	23.0	3.0	13.0	0.0	11.0	5.0	4.0	22.0	0.0	0.0	1.0	1.0	1.0	0.0	0.0	23.0	0.0	18.0
129053	0.0	31.0	13.0	18.0	0.0	16.0	5.0	14.0	35.0	0.0	0.0	1.0	0.0	5.0	2.0	0.0	19.0	0.0	34.0
129054	0.0	4.0	5.0	2.0	0.0	3.0	0.0	1.0	5.0	0.0	0.0	0.0	0.0	3.0	0.0	0.0	8.0	0.0	24.0
129055	0.0	4.0	4.0	0.0	0.0	3.0	0.0	1.0	4.0	0.0	0.0	0.0	0.0	0.0	2.0	0.0	1.0	0.0	3.0
129056	0.0	24.0	8.0	15.0	0.0	9.0	1.0	5.0	16.0	0.0	0.0	0.0	1.0	2.0	0.0	0.0	16.0	0.0	35.0
129057	0.0	11.0	1.0	9.0	0.0	2.0	0.0	0.0	8.0	0.0	0.0	0.0	0.0	1.0	0.0	0.0	5.0	0.0	24.0
129058	0.0	14.0	1.0	4.0	0.0	5.0	0.0	0.0	6.0	0.0	0.0	0.0	0.0	1.0	0.0	0.0	11.0	0.0	16.0
129059	0.0	26.0	14.0	29.0	0.0	10.0	6.0	1.0	18.0	0.0	0.0	0.0	0.0	4.0	1.0	0.0	24.0	0.0	53.0
129060	0.0	13.0	6.0	3.0	0.0	5.0	0.0	0.0	7.0	0.0	0.0	0.0	0.0	0.0	2.0	0.0	7.0	0.0	21.0
129061	0.0	3.0	0.0	0.0	0.0	3.0	1.0	1.0	1.0	0.0	0.0	0.0	0.0	0.0	0.0	0.0	5.0	0.0	3.0
129062	0.0	6.0	1.0	2.0	0.0	2.0	0.0	1.0	4.0	0.0	0.0	0.0	0.0	0.0	0.0	0.0	5.0	0.0	4.0
129063	0.0	17.0	6.0	9.0	0.0	12.0	4.0	2.0	14.0	0.0	0.0	0.0	0.0	0.0	0.0	0.0	10.0	0.0	9.0
129064	0.0	27.0	7.0	16.0	0.0	12.0	2.0	7.0	17.0	0.0	0.0	3.0	0.0	3.0	0.0	0.0	15.0	0.0	15.0
129065	0.0	6.0	5.0	5.0	0.0	5.0	1.0	5.0	7.0	0.0	0.0	0.0	0.0	0.0	0.0	0.0	4.0	0.0	5.0
250475	0.0	2.0	1.0	3.0	0.0	2.0	1.0	0.0	2.0	0.0	0.0	0.0	0.0	0.0	0.0	0.0	2.0	0.0	2.0
250476	11.0	19.0	13.0	16.0	9.0	11.0	10.0	5.0	21.0	8.0	0.0	0.0	2.0	1.0	10.0	6.0	14.0	7.0	11.0
250477	0.0	10.0	4.0	4.0	0.0	4.0	0.0	2.0	8.0	0.0	0.0	0.0	0.0	2.0	0.0	0.0	5.0	0.0	3.0
250478	0.0	35.0	14.0	27.0	0.0	13.0	1.0	0.0	43.0	0.0	0.0	0.0	2.0	3.0	0.0	0.0	12.0	0.0	12.0
250479	0.0	7.0	5.0	6.0	0.0	4.0	1.0	2.0	7.0	0.0	0.0	0.0	0.0	0.0	0.0	0.0	3.0	0.0	4.0
250480	0.0	10.0	1.0	1.0	0.0	3.0	1.0	0.0	9.0	0.0	0.0	0.0	0.0	0.0	0.0	0.0	6.0	0.0	2.0
250481	0.0	13.0	4.0	8.0	1.0	9.0	9.0	4.0	21.0	0.0	0.0	0.0	0.0	2.0	4.0	0.0	8.0	0.0	7.0
250482	0.0	3.0	1.0	0.0	0.0	0.0	0.0	0.0	0.0	0.0	0.0	0.0	0.0	1.0	0.0	0.0	3.0	0.0	0.0
250483	0.0	3.0	0.0	0.0	0.0	1.0	0.0	0.0	1.0	0.0	0.0	0.0	0.0	0.0	1.0	0.0	0.0	0.0	0.0
258806	0.0	11.0	11.0	5.0	0.0	12.0	0.0	0.0	17.0	0.0	0.0	4.0	0.0	1.0	0.0	0.0	6.0	0.0	10.0
258807	0.0	2.0	1.0	0.0	0.0	3.0	0.0	0.0	2.0	0.0	0.0	0.0	0.0	0.0	0.0	0.0	6.0	0.0	2.0
258808	0.0	3.0	0.0	1.0	0.0	2.0	1.0	0.0	2.0	0.0	0.0	0.0	0.0	0.0	0.0	0.0	3.0	0.0	2.0
258809	0.0	10.0	8.0	4.0	0.0	12.0	1.0	0.0	10.0	0.0	0.0	0.0	0.0	1.0	0.0	0.0	9.0	0.0	9.0
258810	0.0	17.0	8.0	8.0	0.0	18.0	0.0	0.0	10.0	0.0	0.0	0.0	0.0	0.0	0.0	0.0	14.0	0.0	15.0
258811	0.0	6.0	4.0	2.0	0.0	6.0	0.0	0.0	6.0	0.0	0.0	0.0	0.0	0.0	0.0	0.0	7.0	0.0	6.0
258812	0.0	5.0	7.0	3.0	0.0	6.0	0.0	1.0	8.0	0.0	0.0	0.0	0.0	0.0	0.0	0.0	7.0	0.0	7.0
258813	10.0	8.0	4.0	11.0	10.0	5.0	13.0	3.0	5.0	7.0	0.0	0.0	1.0	2.0	11.0	3.0	8.0	4.0	2.0
258814	0.0	0.0	0.0	0.0	0.0	1.0	0.0	0.0	1.0	0.0	0.0	0.0	0.0	0.0	0.0	0.0	5.0	0.0	1.0
258815	0.0	9.0	11.0	7.0	0.0	8.0	0.0	0.0	8.0	0.0	0.0	0.0	0.0	0.0	0.0	0.0	10.0	0.0	8.0
258816	0.0	1.0	1.0	2.0	0.0	1.0	1.0	0.0	2.0	0.0	0.0	1.0	0.0	0.0	0.0	0.0	4.0	0.0	1.0
258817	0.0	8.0	5.0	9.0	0.0	5.0	2.0	2.0	17.0	0.0	0.0	1.0	0.0	1.0	0.0	0.0	9.0	0.0	7.0
258818	0.0	4.0	3.0	3.0	0.0	4.0	0.0	0.0	7.0	0.0	0.0	0.0	0.0	0.0	0.0	0.0	3.0	0.0	4.0
258819	0.0	4.0	3.0	1.0	0.0	4.0	0.0	0.0	6.0	0.0	0.0	0.0	0.0	0.0	0.0	0.0	4.0	0.0	5.0
258821	0.0	2.0	0.0	2.0	0.0	2.0	0.0	0.0	2.0	0.0	0.0	0.0	0.0	0.0	0.0	0.0	5.0	0.0	2.0
258822	0.0	0.0	2.0	2.0	0.0	14.0	0.0	2.0	11.0	0.0	0.0	0.0	0.0	1.0	0.0	0.0	4.0	0.0	13.0
258823	0.0	16.0	24.0	18.0	0.0	32.0	21.0	21.0	41.0	0.0	0.0	0.0	3.0	1.0	1.0	0.0	15.0	0.0	29.0
258824	0.0	16.0	8.0	17.0	0.0	13.0	10.0	5.0	24.0	0.0	0.0	2.0	0.0	1.0	0.0	0.0	20.0	0.0	13.0
258825	0.0	31.0	4.0	9.0	0.0	14.0	5.0	1.0	20.0	0.0	0.0	0.0	0.0	0.0	0.0	0.0	7.0	0.0	13.0
258826	0.0	60.0	6.0	5.0	1.0	14.0	4.0	0.0	50.0	0.0	0.0	0.0	0.0	0.0	2.0	0.0	17.0	0.0	12.0
258827	0.0	15.0	0.0	5.0	0.0	0.0	0.0	1.0	20.0	0.0	0.0	0.0	0.0	0.0	0.0	0.0	6.0	0.0	0.0
258828	0.0	6.0	0.0	1.0	0.0	0.0	0.0	0.0	7.0	0.0	0.0	0.0	0.0	0.0	0.0	0.0	2.0	0.0	0.0
258829	0.0	16.0	1.0	2.0	0.0	5.0	1.0	0.0	16.0	0.0	0.0	1.0	0.0	1.0	1.0	0.0	1.0	0.0	5.0
258830	0.0	57.0	8.0	5.0	0.0	9.0	6.0	0.0	46.0	0.0	0.0	1.0	0.0	1.0	0.0	0.0	17.0	0.0	7.0
258831	0.0	10.0	7.0	0.0	1.0	9.0	0.0	0.0	2.0	0.0	0.0	0.0	0.0	1.0	1.0	0.0	13.0	0.0	4.0
258832	0.0	11.0	5.0	0.0	0.0	8.0	0.0	0.0	2.0	0.0	0.0	0.0	0.0	0.0	0.0	0.0	5.0	0.0	1.0
258833	0.0	7.0	5.0	3.0	0.0	6.0	0.0	0.0	4.0	0.0	0.0	0.0	0.0	0.0	0.0	0.0	5.0	0.0	5.0
261790	0.0	17.0	14.0	6.0	0.0	5.0	2.0	9.0	18.0	0.0	0.0	0.0	0.0	0.0	0.0	0.0	5.0	1.0	2.0
261791	0.0	5.0	8.0	3.0	0.0	3.0	0.0	5.0	10.0	0.0	0.0	0.0	0.0	0.0	0.0	0.0	3.0	0.0	2.0
261792	0.0	4.0	0.0	0.0	0.0	4.0	0.0	0.0	2.0	0.0	0.0	0.0	0.0	0.0	0.0	0.0	4.0	0.0	3.0
261793	0.0	24.0	16.0	15.0	0.0	20.0	2.0	8.0	19.0	0.0	0.0	5.0	1.0	0.0	2.0	0.0	7.0	0.0	12.0
262339	0.0	11.0	5.0	7.0	0.0	10.0	8.0	7.0	10.0	0.0	0.0	8.0	3.0	11.0	3.0	4.0	18.0	0.0	10.0
262340	4.0	25.0	18.0	17.0	13.0	21.0	2.0	2.0	25.0	7.0	2.0	4.0	6.0	7.0	13.0	2.0	21.0	2.0	15.0
262341	5.0	30.0	23.0	15.0	4.0	34.0	19.0	8.0	34.0	0.0	0.0	0.0	2.0	1.0	18.0	0.0	24.0	0.0	25.0
262342	0.0	6.0	3.0	0.0	0.0	3.0	0.0	0.0	6.0	0.0	0.0	0.0	0.0	1.0	0.0	0.0	8.0	0.0	5.0
262343	0.0	5.0	1.0	5.0	0.0	6.0	1.0	3.0	4.0	0.0	0.0	0.0	0.0	0.0	0.0	0.0	7.0	0.0	1.0
296246	0.0	1.0	0.0	0.0	0.0	0.0	0.0	0.0	1.0	0.0	0.0	0.0	0.0	0.0	0.0	0.0	0.0	0.0	0.0
296247	0.0	7.0	4.0	3.0	0.0	8.0	3.0	2.0	6.0	0.0	0.0	0.0	0.0	2.0	0.0	0.0	15.0	0.0	2.0
296248	0.0	8.0	7.0	5.0	0.0	7.0	1.0	5.0	9.0	0.0	0.0	0.0	0.0	1.0	0.0	0.0	4.0	0.0	6.0
296249	0.0	1.0	0.0	0.0	0.0	0.0	0.0	0.0	1.0	0.0	0.0	0.0	0.0	0.0	0.0	0.0	0.0	0.0	0.0
296250	0.0	6.0	6.0	3.0	0.0	4.0	1.0	3.0	7.0	0.0	0.0	0.0	0.0	1.0	0.0	0.0	3.0	0.0	5.0
296251	0.0	4.0	3.0	1.0	0.0	4.0	0.0	3.0	5.0	0.0	0.0	0.0	0.0	0.0	0.0	0.0	1.0	0.0	0.0
296252	0.0	5.0	3.0	1.0	0.0	3.0	0.0	0.0	3.0	0.0	0.0	0.0	0.0	0.0	0.0	0.0	3.0	0.0	3.0
296253	0.0	3.0	2.0	1.0	0.0	3.0	0.0	0.0	25.0	0.0	0.0	0.0	0.0	0.0	1.0	0.0	7.0	0.0	1.0
296254	0.0	20.0	22.0	14.0	0.0	16.0	1.0	6.0	29.0	0.0	0.0	0.0	0.0	6.0	1.0	0.0	20.0	0.0	14.0
300972	0.0	4.0	1.0	2.0	0.0	2.0	0.0	0.0	3.0	0.0	0.0	0.0	0.0	1.0	0.0	0.0	1.0	0.0	2.0
300973	1.0	8.0	0.0	6.0	0.0	5.0	4.0	1.0	7.0	0.0	0.0	0.0	0.0	8.0	0.0	4.0	17.0	1.0	9.0
300974	0.0	9.0	3.0	10.0	0.0	6.0	0.0	0.0	8.0	0.0	0.0	1.0	1.0	8.0	0.0	3.0	14.0	0.0	7.0
300975	9.0	14.0	10.0	1.0	17.0	9.0	0.0	0.0	10.0	14.0	0.0	0.0	0.0	6.0	9.0	1.0	14.0	0.0	10.0
300976	0.0	15.0	8.0	10.0	0.0	12.0	7.0	3.0	12.0	0.0	0.0	2.0	0.0	0.0	0.0	0.0	16.0	0.0	10.0
300977	0.0	16.0	13.0	3.0	0.0	13.0	1.0	3.0	13.0	0.0	0.0	0.0	0.0	0.0	0.0	0.0	10.0	0.0	10.0
300978	0.0	7.0	3.0	1.0	0.0	5.0	0.0	1.0	10.0	0.0	0.0	0.0	0.0	0.0	0.0	0.0	4.0	0.0	7.0
300979	3.0	20.0	7.0	2.0	3.0	18.0	9.0	2.0	22.0	0.0	0.0	1.0	0.0	3.0	1.0	0.0	19.0	0.0	17.0
323127	0.0	23.0	5.0	7.0	0.0	14.0	17.0	9.0	21.0	0.0	0.0	0.0	0.0	0.0	0.0	0.0	5.0	0.0	7.0
451861	0.0	7.0	5.0	4.0	0.0	5.0	3.0	2.0	6.0	0.0	0.0	0.0	0.0	1.0	0.0	0.0	10.0	0.0	5.0
451862	0.0	10.0	15.0	8.0	0.0	11.0	1.0	0.0	14.0	0.0	0.0	1.0	0.0	0.0	0.0	1.0	13.0	0.0	10.0
451863	2.0	6.0	2.0	6.0	1.0	5.0	3.0	0.0	5.0	0.0	0.0	0.0	0.0	0.0	10.0	1.0	9.0	0.0	4.0
451864	0.0	10.0	5.0	7.0	0.0	8.0	2.0	5.0	12.0	0.0	0.0	2.0	0.0	0.0	1.0	0.0	15.0	0.0	7.0
451865	4.0	3.0	4.0	2.0	1.0	5.0	0.0	1.0	5.0	0.0	0.0	0.0	0.0	1.0	0.0	0.0	4.0	0.0	4.0
451866	0.0	7.0	2.0	3.0	0.0	5.0	2.0	2.0	9.0	0.0	0.0	0.0	0.0	0.0	0.0	0.0	6.0	0.0	4.0
451867	11.0	9.0	3.0	18.0	0.0	6.0	0.0	0.0	8.0	1.0	0.0	0.0	0.0	2.0	15.0	0.0	9.0	0.0	7.0
451868	0.0	7.0	13.0	11.0	0.0	8.0	4.0	5.0	23.0	0.0	1.0	0.0	0.0	1.0	1.0	0.0	19.0	0.0	7.0
451869	0.0	4.0	4.0	1.0	0.0	2.0	0.0	0.0	6.0	0.0	0.0	0.0	0.0	2.0	0.0	0.0	6.0	0.0	3.0
451870	0.0	4.0	1.0	4.0	0.0	5.0	2.0	1.0	15.0	0.0	0.0	0.0	0.0	0.0	0.0	0.0	11.0	0.0	4.0
451871	0.0	2.0	1.0	1.0	0.0	0.0	0.0	1.0	1.0	0.0	0.0	0.0	0.0	1.0	0.0	0.0	4.0	0.0	0.0
451872	0.0	1.0	2.0	2.0	0.0	0.0	0.0	0.0	4.0	0.0	0.0	0.0	0.0	0.0	0.0	0.0	5.0	0.0	0.0
451873	0.0	3.0	1.0	1.0	0.0	2.0	2.0	1.0	3.0	0.0	0.0	0.0	0.0	0.0	0.0	0.0	1.0	0.0	1.0
451874	0.0	4.0	3.0	4.0	0.0	5.0	2.0	1.0	6.0	0.0	0.0	0.0	0.0	0.0	1.0	0.0	7.0	0.0	5.0
451875	1.0	1.0	0.0	0.0	0.0	1.0	0.0	0.0	3.0	0.0	0.0	0.0	0.0	0.0	0.0	0.0	3.0	0.0	0.0
451876	1.0	2.0	2.0	0.0	0.0	1.0	0.0	0.0	7.0	0.0	0.0	0.0	0.0	0.0	2.0	0.0	5.0	0.0	1.0
451877	0.0	15.0	5.0	10.0	0.0	10.0	6.0	4.0	17.0	0.0	1.0	0.0	0.0	0.0	0.0	1.0	11.0	0.0	8.0
451878	0.0	8.0	6.0	2.0	0.0	5.0	0.0	0.0	8.0	0.0	0.0	0.0	0.0	0.0	1.0	0.0	9.0	0.0	7.0
451879	0.0	22.0	12.0	13.0	0.0	13.0	1.0	1.0	23.0	0.0	0.0	0.0	0.0	0.0	0.0	0.0	10.0	0.0	13.0
451880	5.0	22.0	12.0	22.0	7.0	12.0	11.0	12.0	17.0	3.0	0.0	0.0	1.0	6.0	14.0	6.0	30.0	5.0	14.0
451881	0.0	7.0	3.0	5.0	0.0	2.0	2.0	1.0	4.0	0.0	0.0	0.0	0.0	1.0	0.0	0.0	13.0	0.0	3.0
451882	0.0	1.0	0.0	1.0	0.0	1.0	0.0	0.0	2.0	0.0	0.0	0.0	0.0	0.0	0.0	0.0	1.0	0.0	2.0
451883	0.0	1.0	1.0	1.0	0.0	1.0	0.0	0.0	1.0	0.0	0.0	0.0	0.0	1.0	0.0	0.0	4.0	0.0	1.0
451884	0.0	4.0	3.0	0.0	0.0	3.0	0.0	0.0	4.0	0.0	0.0	2.0	0.0	0.0	0.0	0.0	1.0	0.0	3.0
451885	0.0	8.0	3.0	2.0	0.0	6.0	2.0	1.0	8.0	0.0	0.0	0.0	0.0	0.0	0.0	0.0	5.0	0.0	6.0
451886	0.0	10.0	4.0	6.0	0.0	8.0	0.0	1.0	21.0	0.0	0.0	0.0	0.0	0.0	0.0	0.0	4.0	0.0	6.0
451887	0.0	6.0	5.0	2.0	1.0	4.0	1.0	0.0	22.0	0.0	0.0	0.0	0.0	0.0	0.0	0.0	9.0	0.0	6.0
451888	0.0	6.0	4.0	3.0	0.0	5.0	4.0	1.0	41.0	0.0	0.0	0.0	0.0	0.0	1.0	0.0	14.0	0.0	7.0
451889	0.0	17.0	9.0	13.0	0.0	12.0	6.0	6.0	35.0	0.0	1.0	0.0	0.0	1.0	1.0	0.0	7.0	0.0	13.0
451890	0.0	7.0	3.0	1.0	0.0	4.0	1.0	2.0	15.0	0.0	0.0	2.0	0.0	0.0	0.0	0.0	6.0	0.0	5.0
462442	0.0	6.0	4.0	6.0	0.0	5.0	3.0	1.0	6.0	0.0	1.0	0.0	0.0	1.0	0.0	0.0	12.0	0.0	6.0
462443	0.0	8.0	3.0	12.0	0.0	8.0	0.0	0.0	8.0	0.0	0.0	0.0	1.0	3.0	0.0	0.0	7.0	0.0	7.0
462444	0.0	8.0	7.0	26.0	0.0	7.0	0.0	4.0	25.0	0.0	0.0	0.0	0.0	2.0	0.0	0.0	8.0	0.0	8.0
462445	0.0	29.0	15.0	58.0	0.0	15.0	1.0	5.0	63.0	0.0	3.0	0.0	0.0	0.0	0.0	0.0	11.0	0.0	12.0
462446	0.0	12.0	4.0	15.0	0.0	7.0	0.0	1.0	26.0	0.0	0.0	0.0	0.0	0.0	1.0	0.0	8.0	0.0	8.0
462447	0.0	25.0	7.0	34.0	0.0	7.0	4.0	1.0	49.0	0.0	5.0	0.0	0.0	0.0	1.0	0.0	8.0	0.0	7.0
462448	0.0	23.0	15.0	26.0	1.0	14.0	1.0	4.0	40.0	0.0	1.0	0.0	1.0	2.0	0.0	0.0	17.0	0.0	16.0
462449	0.0	14.0	3.0	10.0	0.0	8.0	3.0	1.0	15.0	0.0	0.0	1.0	1.0	2.0	0.0	0.0	15.0	0.0	10.0
462450	0.0	2.0	4.0	0.0	0.0	3.0	0.0	0.0	2.0	0.0	0.0	0.0	0.0	0.0	1.0	0.0	4.0	0.0	2.0
462451	0.0	2.0	0.0	0.0	1.0	2.0	0.0	0.0	2.0	0.0	0.0	0.0	0.0	1.0	0.0	0.0	1.0	0.0	2.0
462452	0.0	1.0	2.0	2.0	0.0	1.0	0.0	0.0	1.0	0.0	0.0	0.0	0.0	1.0	1.0	0.0	5.0	0.0	1.0
462454	0.0	3.0	2.0	4.0	0.0	3.0	1.0	1.0	3.0	0.0	0.0	0.0	0.0	2.0	0.0	0.0	8.0	0.0	2.0
462455	0.0	9.0	6.0	3.0	0.0	7.0	4.0	8.0	11.0	0.0	0.0	0.0	0.0	0.0	1.0	0.0	18.0	0.0	6.0
462456	0.0	5.0	2.0	4.0	0.0	5.0	2.0	2.0	6.0	0.0	1.0	0.0	1.0	0.0	0.0	0.0	6.0	0.0	4.0
462457	0.0	5.0	5.0	2.0	0.0	5.0	6.0	2.0	7.0	0.0	0.0	0.0	0.0	1.0	1.0	0.0	10.0	0.0	3.0
462458	3.0	8.0	7.0	4.0	0.0	7.0	1.0	2.0	15.0	0.0	0.0	0.0	0.0	2.0	0.0	0.0	12.0	0.0	10.0
462459	0.0	4.0	4.0	26.0	0.0	5.0	0.0	0.0	15.0	0.0	0.0	0.0	0.0	1.0	0.0	0.0	7.0	0.0	4.0
462460	0.0	6.0	4.0	1.0	0.0	6.0	0.0	0.0	7.0	0.0	0.0	0.0	0.0	0.0	0.0	0.0	5.0	0.0	6.0
462461	0.0	29.0	21.0	16.0	0.0	21.0	1.0	1.0	34.0	0.0	0.0	1.0	0.0	3.0	0.0	4.0	24.0	6.0	21.0
462462	0.0	10.0	3.0	22.0	0.0	10.0	4.0	1.0	30.0	0.0	0.0	3.0	0.0	0.0	0.0	0.0	16.0	0.0	10.0
462463	0.0	3.0	2.0	0.0	0.0	3.0	3.0	1.0	7.0	0.0	0.0	0.0	0.0	1.0	0.0	0.0	4.0	0.0	3.0
462464	0.0	3.0	2.0	4.0	0.0	3.0	0.0	2.0	6.0	0.0	0.0	0.0	0.0	0.0	0.0	0.0	3.0	0.0	2.0
462465	0.0	5.0	3.0	2.0	0.0	6.0	4.0	1.0	21.0	0.0	2.0	0.0	0.0	0.0	0.0	0.0	5.0	0.0	5.0
462466	0.0	6.0	4.0	0.0	0.0	7.0	1.0	1.0	6.0	0.0	0.0	0.0	0.0	0.0	0.0	0.0	3.0	0.0	7.0
462468	0.0	10.0	4.0	3.0	0.0	10.0	4.0	1.0	44.0	0.0	0.0	0.0	0.0	1.0	0.0	0.0	12.0	0.0	8.0
462469	0.0	6.0	2.0	2.0	0.0	7.0	0.0	0.0	16.0	0.0	0.0	0.0	0.0	1.0	0.0	0.0	7.0	0.0	4.0
462470	2.0	4.0	2.0	2.0	2.0	4.0	4.0	0.0	13.0	0.0	0.0	0.0	0.0	4.0	4.0	0.0	11.0	0.0	3.0
462471	0.0	2.0	2.0	0.0	0.0	2.0	0.0	0.0	14.0	0.0	0.0	0.0	0.0	1.0	0.0	0.0	3.0	0.0	1.0
462472	0.0	8.0	4.0	5.0	0.0	5.0	1.0	2.0	11.0	0.0	0.0	0.0	0.0	0.0	0.0	0.0	1.0	0.0	3.0
462473	0.0	2.0	3.0	1.0	0.0	2.0	0.0	1.0	15.0	0.0	1.0	0.0	0.0	0.0	1.0	0.0	4.0	0.0	2.0
462474	0.0	4.0	1.0	4.0	1.0	4.0	0.0	0.0	21.0	0.0	0.0	2.0	0.0	2.0	7.0	0.0	16.0	0.0	4.0
462475	1.0	16.0	7.0	0.0	1.0	13.0	0.0	0.0	36.0	0.0	0.0	0.0	2.0	1.0	1.0	0.0	19.0	0.0	12.0
470287	0.0	5.0	2.0	4.0	0.0	7.0	2.0	2.0	10.0	0.0	0.0	0.0	0.0	0.0	0.0	0.0	4.0	0.0	0.0
470288	0.0	4.0	1.0	1.0	0.0	3.0	0.0	0.0	5.0	0.0	0.0	0.0	0.0	1.0	0.0	0.0	6.0	0.0	0.0
470289	0.0	7.0	1.0	0.0	0.0	6.0	0.0	0.0	9.0	0.0	0.0	0.0	0.0	0.0	0.0	0.0	8.0	0.0	1.0
470290	0.0	11.0	5.0	9.0	0.0	8.0	0.0	3.0	24.0	0.0	0.0	0.0	0.0	1.0	0.0	0.0	7.0	0.0	5.0
470291	0.0	21.0	6.0	13.0	0.0	15.0	4.0	2.0	36.0	0.0	0.0	0.0	0.0	1.0	0.0	0.0	10.0	0.0	11.0
542675	0.0	8.0	4.0	1.0	0.0	6.0	0.0	2.0	8.0	0.0	0.0	0.0	0.0	0.0	0.0	0.0	7.0	0.0	5.0
542676	0.0	3.0	3.0	0.0	0.0	1.0	0.0	0.0	2.0	0.0	0.0	0.0	1.0	0.0	0.0	0.0	3.0	0.0	0.0
542677	0.0	6.0	4.0	1.0	0.0	2.0	0.0	1.0	6.0	0.0	0.0	0.0	0.0	1.0	2.0	0.0	1.0	0.0	1.0
542678	0.0	7.0	2.0	1.0	0.0	4.0	0.0	5.0	7.0	0.0	0.0	0.0	0.0	0.0	0.0	0.0	2.0	0.0	3.0
691509	0.0	1.0	1.0	1.0	0.0	0.0	0.0	0.0	1.0	0.0	0.0	0.0	0.0	0.0	0.0	0.0	1.0	0.0	0.0
691510	0.0	1.0	0.0	1.0	0.0	1.0	0.0	0.0	1.0	0.0	0.0	0.0	0.0	0.0	0.0	0.0	0.0	0.0	2.0
691511	1.0	36.0	11.0	10.0	1.0	33.0	0.0	0.0	52.0	0.0	0.0	0.0	0.0	1.0	1.0	0.0	11.0	0.0	33.0
691512	0.0	12.0	13.0	2.0	0.0	10.0	0.0	0.0	32.0	0.0	0.0	0.0	0.0	9.0	0.0	0.0	27.0	0.0	10.0
691513	0.0	1.0	1.0	1.0	0.0	3.0	0.0	2.0	9.0	0.0	0.0	0.0	0.0	2.0	0.0	0.0	3.0	0.0	1.0
691514	0.0	15.0	11.0	13.0	0.0	15.0	4.0	7.0	37.0	0.0	0.0	3.0	1.0	4.0	0.0	0.0	12.0	0.0	14.0
691515	0.0	11.0	11.0	16.0	0.0	16.0	2.0	5.0	44.0	0.0	0.0	2.0	0.0	5.0	0.0	0.0	10.0	0.0	6.0
691516	1.0	3.0	3.0	3.0	1.0	2.0	1.0	2.0	19.0	0.0	0.0	0.0	1.0	3.0	1.0	0.0	4.0	0.0	1.0
691517	0.0	3.0	1.0	2.0	0.0	2.0	1.0	1.0	21.0	0.0	0.0	0.0	0.0	1.0	0.0	0.0	12.0	0.0	2.0
691518	0.0	40.0	22.0	37.0	1.0	28.0	24.0	16.0	124.0	1.0	0.0	1.0	1.0	7.0	1.0	1.0	66.0	0.0	34.0
691519	0.0	5.0	5.0	2.0	0.0	2.0	0.0	4.0	26.0	0.0	0.0	2.0	0.0	0.0	1.0	0.0	8.0	0.0	3.0
691520	0.0	3.0	1.0	3.0	0.0	3.0	0.0	1.0	9.0	0.0	0.0	0.0	0.0	2.0	0.0	0.0	2.0	0.0	3.0
691521	0.0	4.0	3.0	2.0	0.0	2.0	0.0	1.0	9.0	0.0	0.0	0.0	0.0	0.0	1.0	0.0	3.0	0.0	3.0
691522	0.0	11.0	5.0	12.0	0.0	10.0	7.0	8.0	52.0	0.0	0.0	0.0	1.0	7.0	2.0	0.0	25.0	0.0	11.0
691523	0.0	8.0	3.0	6.0	0.0	8.0	0.0	0.0	10.0	0.0	0.0	1.0	0.0	1.0	1.0	0.0	4.0	0.0	6.0
691524	0.0	4.0	1.0	2.0	0.0	4.0	0.0	0.0	5.0	0.0	0.0	0.0	0.0	2.0	0.0	0.0	4.0	0.0	6.0
691525	0.0	12.0	8.0	0.0	0.0	10.0	0.0	0.0	22.0	0.0	0.0	0.0	0.0	3.0	1.0	0.0	2.0	0.0	8.0
691526	0.0	1.0	0.0	0.0	0.0	1.0	0.0	0.0	1.0	0.0	0.0	0.0	0.0	0.0	0.0	0.0	0.0	0.0	0.0
691527	0.0	7.0	3.0	0.0	0.0	7.0	3.0	5.0	7.0	0.0	1.0	0.0	0.0	0.0	0.0	0.0	3.0	0.0	7.0
691528	0.0	7.0	4.0	0.0	0.0	8.0	5.0	3.0	36.0	0.0	0.0	0.0	0.0	3.0	0.0	0.0	8.0	0.0	7.0
691529	0.0	7.0	3.0	8.0	1.0	6.0	5.0	3.0	23.0	0.0	0.0	0.0	0.0	0.0	1.0	0.0	7.0	0.0	6.0
691530	0.0	10.0	4.0	14.0	0.0	10.0	5.0	9.0	11.0	0.0	0.0	2.0	0.0	5.0	0.0	0.0	4.0	0.0	7.0
691531	0.0	4.0	1.0	3.0	0.0	4.0	3.0	3.0	17.0	0.0	0.0	3.0	0.0	0.0	2.0	0.0	0.0	0.0	3.0
691532	0.0	12.0	14.0	11.0	1.0	13.0	2.0	3.0	45.0	0.0	0.0	0.0	1.0	4.0	3.0	0.0	10.0	1.0	12.0
745868	0.0	1.0	1.0	1.0	0.0	0.0	0.0	1.0	1.0	0.0	0.0	0.0	0.0	0.0	0.0	0.0	0.0	0.0	0.0
745869	0.0	12.0	4.0	7.0	0.0	9.0	2.0	2.0	30.0	0.0	0.0	2.0	0.0	2.0	0.0	0.0	15.0	0.0	8.0
745870	2.0	17.0	6.0	7.0	0.0	9.0	0.0	7.0	40.0	0.0	0.0	1.0	0.0	3.0	0.0	0.0	8.0	0.0	7.0
745871	0.0	8.0	0.0	2.0	1.0	0.0	0.0	0.0	2.0	0.0	0.0	0.0	0.0	6.0	0.0	0.0	2.0	0.0	0.0
745872	0.0	24.0	12.0	12.0	0.0	10.0	2.0	7.0	35.0	0.0	0.0	0.0	0.0	6.0	0.0	0.0	10.0	0.0	11.0
748541	0.0	2.0	0.0	0.0	0.0	0.0	0.0	0.0	3.0	0.0	0.0	0.0	0.0	0.0	0.0	0.0	0.0	0.0	0.0
748542	1.0	0.0	0.0	0.0	0.0	0.0	0.0	0.0	0.0	0.0	0.0	0.0	0.0	0.0	0.0	0.0	0.0	0.0	0.0
748543	0.0	44.0	57.0	35.0	1.0	48.0	0.0	33.0	52.0	0.0	0.0	0.0	0.0	0.0	0.0	0.0	30.0	2.0	20.0
748544	0.0	6.0	6.0	3.0	0.0	2.0	0.0	4.0	9.0	0.0	0.0	0.0	1.0	0.0	0.0	0.0	5.0	0.0	3.0
748545	20.0	16.0	10.0	21.0	13.0	15.0	0.0	0.0	14.0	20.0	0.0	0.0	0.0	1.0	20.0	14.0	2.0	14.0	24.0
748546	0.0	22.0	9.0	9.0	0.0	8.0	0.0	4.0	27.0	0.0	0.0	0.0	0.0	0.0	0.0	0.0	4.0	0.0	8.0
748547	0.0	13.0	7.0	9.0	0.0	9.0	0.0	4.0	26.0	0.0	0.0	0.0	0.0	1.0	4.0	0.0	0.0	0.0	8.0
748548	0.0	0.0	0.0	0.0	0.0	0.0	0.0	0.0	1.0	0.0	0.0	0.0	0.0	0.0	0.0	0.0	0.0	0.0	0.0
836353	0.0	11.0	2.0	1.0	0.0	9.0	0.0	0.0	12.0	0.0	0.0	0.0	1.0	1.0	2.0	0.0	3.0	0.0	8.0
836354	0.0	39.0	4.0	14.0	0.0	35.0	5.0	2.0	36.0	0.0	0.0	8.0	0.0	0.0	0.0	0.0	9.0	0.0	29.0
907063	0.0	8.0	7.0	4.0	0.0	7.0	1.0	4.0	24.0	0.0	0.0	0.0	0.0	2.0	2.0	0.0	10.0	0.0	8.0
907064	0.0	7.0	4.0	2.0	0.0	6.0	2.0	3.0	16.0	0.0	0.0	0.0	0.0	1.0	0.0	0.0	8.0	0.0	7.0
907065	0.0	4.0	2.0	1.0	0.0	2.0	0.0	0.0	1.0	0.0	0.0	0.0	0.0	0.0	0.0	0.0	3.0	0.0	2.0
907066	0.0	13.0	10.0	0.0	0.0	8.0	0.0	0.0	3.0	0.0	0.0	0.0	0.0	2.0	0.0	0.0	4.0	0.0	6.0
907067	0.0	5.0	3.0	0.0	0.0	4.0	0.0	0.0	5.0	0.0	0.0	0.0	0.0	2.0	0.0	0.0	4.0	0.0	4.0
907068	1.0	6.0	4.0	2.0	0.0	4.0	4.0	4.0	20.0	0.0	0.0	0.0	0.0	1.0	1.0	0.0	9.0	0.0	4.0
907069	0.0	9.0	3.0	2.0	0.0	5.0	2.0	1.0	12.0	0.0	0.0	0.0	0.0	2.0	0.0	0.0	8.0	0.0	7.0
907070	0.0	6.0	4.0	1.0	0.0	7.0	0.0	0.0	12.0	0.0	0.0	0.0	0.0	2.0	0.0	0.0	9.0	0.0	4.0
907071	0.0	3.0	3.0	0.0	0.0	3.0	0.0	0.0	3.0	0.0	0.0	0.0	0.0	0.0	0.0	0.0	4.0	0.0	1.0
907072	0.0	5.0	3.0	1.0	0.0	3.0	0.0	0.0	4.0	0.0	0.0	0.0	0.0	4.0	0.0	1.0	17.0	1.0	3.0
907073	0.0	21.0	23.0	27.0	0.0	9.0	2.0	15.0	29.0	0.0	0.0	0.0	0.0	0.0	4.0	0.0	13.0	0.0	10.0
907074	2.0	5.0	5.0	5.0	1.0	4.0	3.0	4.0	8.0	0.0	0.0	0.0	0.0	2.0	11.0	0.0	7.0	0.0	5.0
907075	0.0	1.0	0.0	0.0	0.0	0.0	0.0	0.0	17.0	0.0	0.0	0.0	0.0	1.0	0.0	0.0	9.0	0.0	0.0
907076	0.0	1.0	0.0	0.0	0.0	1.0	0.0	0.0	10.0	0.0	0.0	0.0	0.0	0.0	0.0	0.0	2.0	0.0	2.0
909451	54.0	44.0	35.0	40.0	43.0	40.0	2.0	18.0	92.0	34.0	5.0	20.0	3.0	6.0	41.0	30.0	45.0	25.0	38.0
929210	11.0	28.0	26.0	20.0	9.0	13.0	3.0	13.0	27.0	0.0	2.0	1.0	0.0	0.0	10.0	1.0	8.0	7.0	19.0
929211	0.0	4.0	4.0	2.0	0.0	2.0	0.0	1.0	4.0	0.0	0.0	0.0	0.0	0.0	0.0	0.0	8.0	0.0	4.0
929212	0.0	9.0	3.0	5.0	0.0	8.0	2.0	1.0	10.0	0.0	0.0	0.0	0.0	0.0	1.0	0.0	5.0	0.0	9.0
929213	0.0	8.0	3.0	2.0	0.0	8.0	5.0	0.0	9.0	0.0	0.0	0.0	0.0	2.0	0.0	0.0	15.0	0.0	5.0
929214	0.0	10.0	5.0	7.0	0.0	4.0	2.0	0.0	35.0	0.0	0.0	0.0	0.0	1.0	1.0	0.0	13.0	0.0	7.0
929215	0.0	7.0	4.0	7.0	0.0	6.0	1.0	3.0	7.0	0.0	0.0	0.0	0.0	1.0	0.0	0.0	8.0	0.0	6.0
929216	0.0	7.0	9.0	6.0	0.0	10.0	8.0	7.0	10.0	0.0	0.0	0.0	0.0	0.0	0.0	0.0	8.0	0.0	9.0
929217	0.0	6.0	4.0	5.0	0.0	2.0	1.0	3.0	3.0	0.0	0.0	0.0	0.0	0.0	0.0	0.0	7.0	0.0	4.0
929218	0.0	5.0	2.0	3.0	0.0	3.0	2.0	1.0	3.0	0.0	0.0	0.0	0.0	1.0	0.0	0.0	2.0	0.0	2.0
929219	0.0	14.0	7.0	10.0	0.0	9.0	1.0	8.0	16.0	0.0	0.0	0.0	0.0	1.0	3.0	0.0	13.0	0.0	10.0
929220	2.0	11.0	5.0	1.0	1.0	6.0	4.0	2.0	9.0	0.0	0.0	0.0	0.0	3.0	0.0	1.0	10.0	3.0	8.0
929221	0.0	4.0	8.0	3.0	0.0	3.0	3.0	1.0	4.0	0.0	0.0	0.0	0.0	2.0	0.0	0.0	6.0	0.0	4.0
929222	0.0	11.0	10.0	7.0	0.0	5.0	6.0	4.0	9.0	0.0	0.0	0.0	1.0	5.0	0.0	0.0	10.0	0.0	6.0
929223	0.0	15.0	11.0	13.0	0.0	10.0	2.0	0.0	15.0	0.0	0.0	0.0	0.0	2.0	0.0	0.0	12.0	0.0	9.0
929224	0.0	4.0	4.0	4.0	0.0	4.0	0.0	0.0	4.0	0.0	0.0	0.0	0.0	1.0	0.0	0.0	7.0	0.0	1.0
929225	0.0	4.0	2.0	5.0	0.0	3.0	2.0	1.0	4.0	0.0	0.0	0.0	0.0	2.0	0.0	0.0	9.0	0.0	4.0
943037	7.0	10.0	8.0	12.0	0.0	10.0	2.0	0.0	9.0	0.0	1.0	1.0	0.0	1.0	10.0	0.0	2.0	0.0	10.0
943038	0.0	12.0	11.0	7.0	0.0	11.0	4.0	8.0	11.0	0.0	2.0	0.0	0.0	9.0	0.0	0.0	12.0	0.0	10.0
943039	0.0	12.0	9.0	11.0	1.0	11.0	3.0	9.0	13.0	0.0	0.0	0.0	0.0	9.0	1.0	0.0	20.0	0.0	11.0
943040	0.0	9.0	7.0	3.0	0.0	7.0	0.0	0.0	10.0	0.0	0.0	0.0	0.0	0.0	0.0	0.0	6.0	0.0	9.0
958277	0.0	3.0	2.0	1.0	0.0	3.0	0.0	1.0	3.0	0.0	0.0	0.0	0.0	2.0	0.0	0.0	7.0	0.0	2.0
958278	0.0	3.0	2.0	1.0	0.0	0.0	1.0	0.0	4.0	0.0	0.0	0.0	0.0	1.0	0.0	0.0	11.0	0.0	1.0
958279	0.0	2.0	3.0	4.0	0.0	2.0	0.0	2.0	2.0	0.0	1.0	3.0	0.0	0.0	0.0	0.0	4.0	0.0	1.0
958280	0.0	5.0	1.0	6.0	0.0	5.0	6.0	2.0	7.0	0.0	0.0	4.0	1.0	0.0	0.0	0.0	7.0	0.0	4.0
958281	0.0	0.0	0.0	0.0	0.0	0.0	0.0	0.0	0.0	0.0	0.0	0.0	0.0	0.0	0.0	0.0	1.0	0.0	0.0
958282	0.0	0.0	0.0	0.0	0.0	0.0	0.0	1.0	1.0	0.0	0.0	0.0	1.0	0.0	0.0	0.0	6.0	0.0	0.0
958283	0.0	1.0	2.0	0.0	0.0	2.0	1.0	0.0	0.0	0.0	0.0	0.0	0.0	0.0	0.0	0.0	3.0	0.0	0.0
958284	0.0	10.0	3.0	3.0	0.0	5.0	2.0	1.0	5.0	0.0	0.0	1.0	0.0	1.0	0.0	0.0	10.0	0.0	2.0
1004517	0.0	1.0	0.0	0.0	0.0	1.0	0.0	0.0	1.0	0.0	0.0	0.0	0.0	0.0	0.0	0.0	0.0	0.0	0.0
1004518	0.0	61.0	56.0	33.0	1.0	47.0	0.0	15.0	54.0	0.0	0.0	0.0	1.0	2.0	0.0	0.0	43.0	1.0	36.0
1004519	0.0	11.0	13.0	11.0	1.0	7.0	0.0	8.0	14.0	0.0	0.0	0.0	0.0	2.0	0.0	0.0	7.0	1.0	5.0
1004520	0.0	9.0	9.0	0.0	0.0	3.0	0.0	0.0	9.0	0.0	0.0	0.0	0.0	0.0	0.0	0.0	2.0	0.0	0.0
1004521	0.0	11.0	7.0	5.0	0.0	8.0	0.0	0.0	11.0	0.0	0.0	0.0	0.0	1.0	0.0	0.0	1.0	0.0	4.0
1009719	0.0	10.0	7.0	3.0	0.0	11.0	0.0	1.0	14.0	0.0	0.0	1.0	0.0	3.0	0.0	0.0	15.0	0.0	7.0
1009720	0.0	4.0	4.0	2.0	0.0	2.0	0.0	0.0	2.0	0.0	0.0	0.0	0.0	0.0	1.0	0.0	4.0	0.0	3.0
1009721	0.0	3.0	3.0	1.0	0.0	2.0	0.0	0.0	4.0	0.0	0.0	0.0	0.0	0.0	0.0	0.0	8.0	0.0	4.0
1009722	0.0	12.0	9.0	10.0	0.0	8.0	0.0	5.0	12.0	0.0	0.0	0.0	2.0	0.0	1.0	0.0	15.0	0.0	8.0
1009723	0.0	6.0	1.0	3.0	0.0	4.0	3.0	2.0	5.0	0.0	0.0	0.0	1.0	3.0	0.0	0.0	15.0	0.0	5.0
1009724	0.0	8.0	3.0	6.0	0.0	7.0	0.0	1.0	7.0	0.0	0.0	0.0	0.0	1.0	0.0	0.0	10.0	0.0	7.0
1009725	0.0	2.0	1.0	1.0	0.0	2.0	0.0	0.0	2.0	0.0	0.0	0.0	0.0	0.0	0.0	0.0	4.0	0.0	1.0
1009727	0.0	12.0	2.0	11.0	0.0	12.0	1.0	3.0	13.0	0.0	0.0	0.0	0.0	0.0	0.0	0.0	6.0	0.0	12.0
1009728	1.0	10.0	8.0	6.0	0.0	10.0	0.0	0.0	10.0	0.0	0.0	0.0	0.0	2.0	1.0	0.0	15.0	0.0	9.0
1009729	0.0	2.0	1.0	2.0	0.0	2.0	1.0	1.0	3.0	0.0	0.0	0.0	0.0	0.0	0.0	0.0	6.0	0.0	2.0
1009730	0.0	0.0	0.0	0.0	0.0	0.0	1.0	0.0	0.0	0.0	0.0	0.0	0.0	1.0	1.0	0.0	3.0	0.0	0.0
1009731	1.0	11.0	7.0	10.0	0.0	9.0	0.0	0.0	14.0	0.0	0.0	1.0	0.0	2.0	0.0	0.0	10.0	0.0	12.0
1009732	0.0	3.0	1.0	2.0	0.0	3.0	0.0	1.0	4.0	0.0	1.0	3.0	0.0	2.0	0.0	0.0	7.0	0.0	3.0
1009733	0.0	8.0	6.0	6.0	0.0	8.0	0.0	2.0	8.0	0.0	0.0	0.0	0.0	2.0	0.0	0.0	3.0	0.0	7.0
1009734	0.0	7.0	0.0	2.0	0.0	4.0	3.0	1.0	4.0	0.0	0.0	0.0	0.0	4.0	0.0	0.0	5.0	0.0	0.0
1131704	0.0	20.0	4.0	19.0	0.0	4.0	0.0	8.0	20.0	0.0	1.0	0.0	0.0	0.0	0.0	0.0	6.0	0.0	1.0
1131705	0.0	35.0	5.0	18.0	0.0	5.0	0.0	1.0	25.0	0.0	0.0	3.0	0.0	0.0	1.0	0.0	11.0	1.0	4.0
1131706	0.0	1.0	0.0	0.0	0.0	0.0	0.0	0.0	1.0	1.0	0.0	0.0	0.0	0.0	0.0	0.0	1.0	0.0	0.0
1159919	0.0	0.0	1.0	1.0	3.0	0.0	0.0	1.0	0.0	0.0	0.0	0.0	2.0	4.0	1.0	0.0	9.0	2.0	0.0
1159920	0.0	5.0	5.0	11.0	0.0	7.0	8.0	2.0	19.0	0.0	0.0	1.0	1.0	1.0	0.0	0.0	9.0	0.0	5.0
1159921	0.0	2.0	0.0	1.0	0.0	1.0	1.0	1.0	8.0	0.0	0.0	1.0	0.0	0.0	0.0	0.0	5.0	0.0	1.0
1159922	0.0	3.0	0.0	2.0	0.0	4.0	1.0	0.0	8.0	0.0	0.0	1.0	0.0	0.0	0.0	0.0	2.0	0.0	2.0
1159923	0.0	2.0	0.0	1.0	0.0	1.0	1.0	0.0	4.0	0.0	0.0	0.0	0.0	0.0	0.0	0.0	1.0	0.0	1.0
1159925	0.0	1.0	1.0	1.0	0.0	2.0	1.0	0.0	7.0	0.0	0.0	3.0	0.0	0.0	0.0	0.0	2.0	0.0	0.0
1159926	0.0	1.0	0.0	1.0	0.0	1.0	0.0	0.0	6.0	0.0	0.0	1.0	0.0	0.0	0.0	0.0	1.0	0.0	1.0
1159927	0.0	1.0	1.0	0.0	0.0	0.0	1.0	0.0	6.0	0.0	0.0	0.0	0.0	0.0	0.0	0.0	2.0	0.0	0.0
1159928	0.0	0.0	0.0	1.0	0.0	0.0	0.0	0.0	4.0	0.0	0.0	0.0	0.0	0.0	0.0	0.0	0.0	0.0	0.0
1159929	1.0	2.0	1.0	2.0	1.0	2.0	2.0	2.0	7.0	1.0	1.0	0.0	0.0	1.0	1.0	1.0	5.0	1.0	1.0
1159930	0.0	2.0	1.0	2.0	0.0	2.0	0.0	1.0	7.0	0.0	0.0	0.0	0.0	0.0	0.0	0.0	2.0	0.0	2.0
1159931	0.0	4.0	1.0	5.0	0.0	5.0	4.0	0.0	13.0	0.0	1.0	0.0	0.0	1.0	0.0	0.0	2.0	0.0	4.0
1159932	0.0	2.0	2.0	2.0	0.0	1.0	1.0	1.0	6.0	0.0	0.0	0.0	1.0	0.0	1.0	0.0	1.0	0.0	2.0
1159933	0.0	1.0	1.0	1.0	0.0	1.0	0.0	1.0	4.0	0.0	0.0	0.0	0.0	0.0	0.0	0.0	0.0	0.0	1.0
1159934	0.0	2.0	1.0	0.0	0.0	3.0	1.0	1.0	15.0	0.0	0.0	3.0	0.0	1.0	0.0	0.0	4.0	0.0	1.0
1159935	0.0	0.0	0.0	0.0	0.0	1.0	1.0	0.0	2.0	0.0	0.0	0.0	1.0	1.0	0.0	0.0	3.0	0.0	0.0
1159936	0.0	0.0	0.0	0.0	0.0	1.0	1.0	1.0	4.0	0.0	0.0	0.0	0.0	1.0	0.0	0.0	5.0	0.0	0.0
1212842	0.0	46.0	5.0	25.0	0.0	19.0	2.0	4.0	35.0	0.0	0.0	0.0	0.0	7.0	0.0	0.0	9.0	0.0	4.0
1212843	0.0	7.0	1.0	1.0	0.0	4.0	0.0	0.0	7.0	0.0	0.0	0.0	0.0	1.0	0.0	0.0	2.0	0.0	1.0
1212844	0.0	13.0	3.0	1.0	0.0	2.0	0.0	0.0	6.0	0.0	0.0	0.0	0.0	1.0	1.0	0.0	0.0	0.0	2.0
1212845	1.0	27.0	13.0	18.0	1.0	16.0	6.0	5.0	17.0	0.0	0.0	0.0	0.0	3.0	6.0	0.0	3.0	0.0	16.0
1212846	0.0	2.0	0.0	1.0	0.0	0.0	0.0	0.0	3.0	0.0	0.0	0.0	0.0	0.0	0.0	0.0	1.0	0.0	0.0
1212847	0.0	9.0	0.0	8.0	0.0	2.0	1.0	1.0	10.0	0.0	0.0	0.0	0.0	0.0	0.0	0.0	0.0	0.0	0.0
1212848	0.0	18.0	6.0	11.0	0.0	8.0	0.0	0.0	35.0	0.0	0.0	0.0	0.0	1.0	1.0	0.0	4.0	0.0	7.0
1212849	0.0	9.0	2.0	9.0	0.0	8.0	5.0	3.0	22.0	0.0	1.0	0.0	0.0	1.0	0.0	0.0	5.0	0.0	8.0
1212850	0.0	6.0	3.0	7.0	0.0	9.0	4.0	1.0	17.0	0.0	1.0	0.0	0.0	0.0	0.0	0.0	7.0	0.0	5.0
1212851	0.0	1.0	1.0	4.0	0.0	2.0	0.0	0.0	4.0	0.0	0.0	0.0	0.0	0.0	0.0	0.0	3.0	0.0	1.0
1212852	1.0	8.0	6.0	16.0	0.0	13.0	4.0	2.0	23.0	0.0	0.0	0.0	0.0	1.0	0.0	0.0	10.0	0.0	10.0
1212853	0.0	3.0	1.0	3.0	0.0	3.0	1.0	2.0	3.0	0.0	0.0	0.0	0.0	0.0	0.0	0.0	8.0	0.0	1.0
1212854	0.0	7.0	6.0	9.0	0.0	9.0	2.0	5.0	10.0	0.0	1.0	0.0	0.0	0.0	2.0	0.0	10.0	0.0	7.0
1212855	0.0	4.0	3.0	2.0	0.0	2.0	0.0	0.0	2.0	0.0	0.0	0.0	0.0	0.0	0.0	0.0	2.0	0.0	2.0
1212856	0.0	4.0	3.0	4.0	0.0	3.0	0.0	0.0	3.0	0.0	0.0	0.0	0.0	0.0	0.0	0.0	2.0	0.0	2.0
1212857	1.0	21.0	7.0	9.0	1.0	7.0	0.0	2.0	20.0	1.0	0.0	0.0	2.0	3.0	3.0	0.0	10.0	0.0	7.0
1212858	0.0	5.0	3.0	5.0	0.0	5.0	0.0	0.0	5.0	0.0	0.0	0.0	2.0	0.0	0.0	0.0	4.0	0.0	5.0
1215296	1.0	1.0	2.0	2.0	0.0	2.0	0.0	1.0	1.0	0.0	0.0	0.0	0.0	0.0	1.0	0.0	8.0	0.0	2.0
1215297	0.0	8.0	1.0	8.0	0.0	8.0	4.0	1.0	9.0	0.0	4.0	4.0	0.0	1.0	0.0	0.0	13.0	0.0	9.0
1215298	1.0	10.0	6.0	13.0	2.0	9.0	1.0	7.0	9.0	2.0	0.0	2.0	0.0	0.0	2.0	0.0	11.0	1.0	8.0
1215299	2.0	6.0	4.0	6.0	2.0	11.0	5.0	6.0	6.0	2.0	3.0	0.0	0.0	0.0	1.0	0.0	9.0	0.0	8.0
1215300	18.0	30.0	31.0	24.0	17.0	25.0	20.0	21.0	24.0	17.0	18.0	5.0	0.0	1.0	17.0	0.0	10.0	0.0	24.0
1340766	0.0	34.0	3.0	22.0	0.0	10.0	1.0	0.0	34.0	0.0	0.0	0.0	0.0	0.0	0.0	0.0	3.0	0.0	6.0
1340767	0.0	22.0	3.0	13.0	0.0	12.0	2.0	0.0	16.0	0.0	0.0	0.0	1.0	0.0	1.0	0.0	6.0	0.0	7.0
1340768	0.0	30.0	6.0	22.0	3.0	12.0	1.0	1.0	25.0	3.0	0.0	5.0	0.0	2.0	4.0	2.0	8.0	1.0	8.0
1340769	0.0	31.0	6.0	10.0	0.0	14.0	0.0	1.0	20.0	0.0	0.0	0.0	1.0	6.0	0.0	1.0	15.0	2.0	9.0
1340770	0.0	2.0	1.0	1.0	0.0	1.0	1.0	0.0	1.0	0.0	0.0	0.0	0.0	0.0	0.0	0.0	0.0	0.0	1.0
1348277	0.0	15.0	9.0	10.0	0.0	12.0	5.0	5.0	19.0	0.0	1.0	0.0	0.0	1.0	0.0	0.0	23.0	0.0	7.0
1350770	0.0	21.0	8.0	2.0	0.0	17.0	2.0	0.0	24.0	1.0	0.0	0.0	0.0	1.0	0.0	0.0	12.0	0.0	5.0
1350771	0.0	2.0	0.0	1.0	0.0	1.0	0.0	0.0	3.0	0.0	0.0	0.0	0.0	0.0	0.0	0.0	2.0	0.0	0.0
1350772	0.0	46.0	11.0	39.0	0.0	41.0	6.0	16.0	54.0	13.0	14.0	0.0	0.0	19.0	0.0	18.0	38.0	0.0	16.0
1350773	0.0	6.0	2.0	3.0	0.0	4.0	0.0	1.0	7.0	0.0	0.0	0.0	1.0	0.0	1.0	0.0	6.0	0.0	3.0
1350774	1.0	8.0	8.0	13.0	2.0	10.0	0.0	1.0	16.0	0.0	0.0	0.0	1.0	1.0	3.0	0.0	5.0	0.0	9.0
1350775	1.0	14.0	3.0	9.0	0.0	9.0	0.0	1.0	21.0	0.0	0.0	0.0	0.0	1.0	2.0	0.0	12.0	0.0	8.0
1350776	0.0	23.0	8.0	7.0	0.0	10.0	0.0	0.0	28.0	0.0	0.0	0.0	0.0	1.0	1.0	0.0	16.0	0.0	11.0
1350777	0.0	18.0	3.0	7.0	0.0	12.0	0.0	5.0	21.0	0.0	0.0	0.0	0.0	1.0	0.0	0.0	16.0	0.0	5.0
1350778	0.0	1.0	0.0	0.0	0.0	0.0	0.0	1.0	5.0	0.0	0.0	0.0	0.0	0.0	0.0	0.0	5.0	0.0	0.0
1350779	0.0	18.0	9.0	14.0	0.0	15.0	6.0	7.0	23.0	0.0	0.0	4.0	1.0	2.0	0.0	0.0	14.0	0.0	12.0
1350780	0.0	0.0	0.0	0.0	0.0	0.0	0.0	0.0	0.0	0.0	0.0	0.0	0.0	0.0	0.0	0.0	1.0	0.0	0.0
1350781	0.0	1.0	1.0	2.0	0.0	3.0	0.0	2.0	7.0	0.0	0.0	0.0	1.0	0.0	0.0	0.0	2.0	0.0	2.0
1350782	0.0	1.0	0.0	1.0	0.0	1.0	1.0	0.0	2.0	0.0	0.0	0.0	1.0	0.0	0.0	0.0	1.0	0.0	1.0
1350783	0.0	2.0	1.0	2.0	0.0	3.0	0.0	0.0	4.0	0.0	0.0	0.0	2.0	2.0	0.0	0.0	5.0	0.0	2.0
1350784	0.0	2.0	2.0	1.0	0.0	1.0	0.0	2.0	2.0	0.0	0.0	0.0	0.0	0.0	0.0	0.0	6.0	0.0	2.0
1350785	0.0	4.0	4.0	4.0	0.0	4.0	0.0	0.0	4.0	0.0	0.0	0.0	0.0	0.0	0.0	0.0	5.0	0.0	3.0
1350786	0.0	19.0	6.0	22.0	0.0	20.0	8.0	4.0	22.0	0.0	0.0	0.0	0.0	1.0	0.0	0.0	13.0	0.0	19.0
1350787	0.0	11.0	3.0	11.0	0.0	6.0	6.0	4.0	8.0	0.0	0.0	1.0	0.0	4.0	0.0	0.0	10.0	1.0	6.0
1350788	0.0	18.0	5.0	14.0	0.0	15.0	9.0	3.0	22.0	0.0	1.0	0.0	0.0	0.0	0.0	0.0	12.0	0.0	14.0
1350789	0.0	8.0	14.0	8.0	0.0	9.0	1.0	8.0	21.0	0.0	0.0	0.0	0.0	2.0	0.0	0.0	12.0	0.0	8.0
1350790	0.0	34.0	18.0	16.0	0.0	22.0	6.0	13.0	43.0	0.0	0.0	0.0	0.0	4.0	1.0	1.0	13.0	0.0	23.0
1350791	0.0	8.0	3.0	9.0	0.0	9.0	4.0	2.0	14.0	0.0	0.0	0.0	0.0	0.0	0.0	0.0	3.0	0.0	8.0
1350792	0.0	0.0	0.0	1.0	0.0	0.0	0.0	0.0	2.0	0.0	0.0	0.0	0.0	0.0	0.0	0.0	3.0	0.0	0.0
1350793	0.0	7.0	5.0	5.0	0.0	5.0	0.0	3.0	7.0	0.0	0.0	0.0	0.0	0.0	0.0	0.0	8.0	0.0	5.0
1350794	0.0	2.0	4.0	2.0	0.0	3.0	2.0	0.0	3.0	0.0	0.0	0.0	0.0	0.0	0.0	0.0	7.0	0.0	2.0
1352383	0.0	17.0	5.0	4.0	0.0	9.0	0.0	0.0	16.0	0.0	0.0	0.0	0.0	1.0	0.0	0.0	8.0	0.0	3.0
1352384	0.0	13.0	5.0	7.0	0.0	7.0	1.0	2.0	15.0	0.0	0.0	0.0	0.0	0.0	0.0	0.0	4.0	0.0	4.0
1352385	0.0	20.0	4.0	7.0	0.0	12.0	2.0	3.0	14.0	0.0	0.0	0.0	6.0	1.0	0.0	0.0	11.0	0.0	6.0
1352386	0.0	28.0	5.0	11.0	0.0	19.0	6.0	6.0	22.0	0.0	0.0	0.0	1.0	0.0	0.0	0.0	14.0	0.0	11.0
1352387	0.0	4.0	2.0	3.0	0.0	6.0	1.0	0.0	3.0	0.0	0.0	0.0	0.0	0.0	0.0	0.0	1.0	0.0	2.0
1352388	0.0	19.0	8.0	20.0	0.0	21.0	9.0	4.0	16.0	0.0	0.0	0.0	0.0	2.0	0.0	0.0	5.0	0.0	15.0
1352389	0.0	11.0	3.0	2.0	0.0	6.0	0.0	0.0	13.0	0.0	0.0	2.0	0.0	0.0	0.0	0.0	4.0	0.0	5.0
1352390	14.0	22.0	8.0	16.0	15.0	12.0	2.0	9.0	19.0	8.0	0.0	4.0	0.0	8.0	19.0	6.0	12.0	7.0	5.0
1352391	0.0	11.0	6.0	8.0	0.0	6.0	1.0	2.0	11.0	0.0	0.0	0.0	0.0	2.0	2.0	0.0	5.0	0.0	3.0
1352392	0.0	23.0	6.0	11.0	0.0	22.0	5.0	0.0	29.0	0.0	0.0	5.0	0.0	1.0	0.0	0.0	9.0	0.0	14.0
1366054	8.0	14.0	7.0	3.0	4.0	0.0	0.0	0.0	14.0	0.0	0.0	0.0	0.0	0.0	8.0	0.0	0.0	0.0	0.0
1366055	16.0	83.0	100.0	77.0	22.0	46.0	1.0	74.0	101.0	0.0	0.0	0.0	0.0	1.0	15.0	3.0	20.0	1.0	27.0
1366056	0.0	16.0	10.0	8.0	0.0	10.0	8.0	3.0	12.0	0.0	0.0	0.0	2.0	5.0	0.0	0.0	10.0	0.0	5.0
1366057	0.0	13.0	7.0	5.0	0.0	12.0	2.0	2.0	11.0	0.0	0.0	0.0	0.0	1.0	1.0	1.0	15.0	0.0	8.0
1366058	0.0	6.0	2.0	0.0	0.0	8.0	0.0	0.0	7.0	0.0	0.0	0.0	0.0	1.0	0.0	0.0	5.0	0.0	4.0
1366059	0.0	2.0	1.0	0.0	1.0	2.0	1.0	0.0	8.0	0.0	0.0	0.0	0.0	3.0	0.0	0.0	6.0	0.0	1.0
1366060	0.0	2.0	2.0	1.0	0.0	1.0	0.0	1.0	2.0	0.0	0.0	0.0	0.0	0.0	1.0	0.0	1.0	0.0	1.0
1366061	0.0	9.0	6.0	0.0	0.0	4.0	0.0	0.0	16.0	0.0	0.0	1.0	0.0	3.0	0.0	0.0	4.0	0.0	3.0
1366062	0.0	27.0	32.0	16.0	1.0	18.0	0.0	0.0	21.0	0.0	0.0	0.0	1.0	4.0	0.0	7.0	6.0	11.0	10.0
1366063	0.0	8.0	9.0	8.0	0.0	6.0	0.0	7.0	1.0	0.0	0.0	0.0	0.0	1.0	1.0	0.0	3.0	0.0	2.0
1366064	0.0	3.0	2.0	3.0	1.0	0.0	0.0	0.0	1.0	0.0	0.0	0.0	0.0	0.0	0.0	0.0	0.0	0.0	2.0
1371994	0.0	4.0	3.0	2.0	0.0	3.0	0.0	0.0	2.0	0.0	0.0	0.0	0.0	0.0	0.0	0.0	3.0	0.0	2.0
1371995	0.0	13.0	7.0	6.0	0.0	9.0	3.0	3.0	11.0	0.0	0.0	0.0	0.0	1.0	1.0	0.0	6.0	0.0	6.0
1371996	0.0	14.0	5.0	6.0	1.0	8.0	5.0	5.0	11.0	0.0	0.0	0.0	0.0	0.0	0.0	0.0	11.0	0.0	9.0
1409095	4.0	14.0	20.0	15.0	4.0	21.0	12.0	24.0	25.0	5.0	0.0	0.0	0.0	5.0	1.0	1.0	20.0	1.0	18.0
1409096	0.0	6.0	1.0	4.0	0.0	6.0	4.0	1.0	6.0	0.0	0.0	1.0	0.0	2.0	0.0	0.0	17.0	0.0	5.0
1409097	0.0	11.0	9.0	1.0	0.0	10.0	6.0	1.0	6.0	5.0	0.0	0.0	0.0	2.0	1.0	2.0	19.0	4.0	7.0
1409098	0.0	6.0	8.0	6.0	0.0	4.0	1.0	2.0	5.0	0.0	0.0	0.0	0.0	2.0	0.0	0.0	13.0	0.0	4.0
1409099	0.0	2.0	2.0	0.0	0.0	1.0	0.0	0.0	1.0	1.0	0.0	0.0	0.0	0.0	0.0	0.0	7.0	0.0	0.0
1409100	0.0	8.0	9.0	2.0	0.0	8.0	0.0	0.0	5.0	0.0	0.0	0.0	0.0	0.0	0.0	0.0	4.0	0.0	3.0
1409101	0.0	5.0	4.0	2.0	0.0	6.0	0.0	0.0	6.0	0.0	0.0	0.0	0.0	0.0	0.0	0.0	6.0	0.0	4.0
1409102	0.0	1.0	1.0	0.0	0.0	1.0	0.0	0.0	1.0	0.0	0.0	0.0	0.0	0.0	0.0	0.0	4.0	0.0	1.0
1409103	1.0	18.0	14.0	3.0	0.0	13.0	6.0	2.0	17.0	0.0	0.0	0.0	0.0	0.0	1.0	1.0	13.0	0.0	15.0
1409104	0.0	12.0	3.0	3.0	0.0	6.0	5.0	4.0	7.0	0.0	0.0	0.0	0.0	4.0	0.0	0.0	19.0	0.0	5.0
1430143	1.0	2.0	2.0	13.0	0.0	10.0	2.0	3.0	4.0	0.0	0.0	0.0	0.0	1.0	0.0	0.0	2.0	0.0	14.0
1430144	0.0	4.0	3.0	8.0	0.0	2.0	1.0	3.0	3.0	0.0	0.0	0.0	0.0	0.0	0.0	0.0	13.0	0.0	17.0
1430145	0.0	1.0	0.0	1.0	0.0	0.0	0.0	0.0	1.0	0.0	0.0	0.0	0.0	0.0	1.0	0.0	2.0	0.0	1.0
1430146	11.0	10.0	7.0	15.0	3.0	8.0	0.0	1.0	13.0	1.0	0.0	0.0	4.0	1.0	12.0	0.0	11.0	3.0	17.0
1430147	0.0	7.0	5.0	7.0	0.0	7.0	2.0	4.0	11.0	0.0	0.0	0.0	0.0	0.0	0.0	0.0	9.0	0.0	11.0
1430148	0.0	11.0	4.0	8.0	0.0	11.0	1.0	5.0	14.0	0.0	0.0	2.0	0.0	0.0	1.0	0.0	11.0	0.0	8.0
1430149	0.0	6.0	2.0	16.0	0.0	11.0	1.0	2.0	8.0	0.0	0.0	0.0	0.0	2.0	0.0	0.0	18.0	0.0	32.0
1430150	0.0	14.0	8.0	18.0	0.0	13.0	2.0	9.0	16.0	0.0	1.0	0.0	0.0	1.0	0.0	0.0	16.0	0.0	21.0
1430151	0.0	7.0	5.0	3.0	0.0	10.0	6.0	7.0	9.0	0.0	2.0	0.0	0.0	1.0	0.0	0.0	16.0	0.0	9.0
1430152	0.0	7.0	6.0	6.0	0.0	4.0	4.0	5.0	7.0	0.0	0.0	0.0	0.0	0.0	0.0	0.0	8.0	0.0	4.0
1430153	0.0	10.0	7.0	7.0	0.0	8.0	6.0	5.0	9.0	0.0	0.0	0.0	0.0	0.0	0.0	0.0	11.0	0.0	7.0
1430154	4.0	22.0	11.0	8.0	2.0	20.0	0.0	3.0	17.0	0.0	0.0	0.0	0.0	3.0	7.0	0.0	26.0	0.0	14.0
1430155	3.0	12.0	8.0	12.0	0.0	17.0	10.0	10.0	27.0	4.0	1.0	1.0	0.0	4.0	4.0	2.0	17.0	7.0	16.0
1430156	1.0	21.0	15.0	5.0	1.0	24.0	2.0	1.0	20.0	1.0	0.0	0.0	0.0	4.0	1.0	1.0	19.0	2.0	18.0
1430157	0.0	1.0	0.0	1.0	0.0	1.0	0.0	0.0	1.0	0.0	0.0	0.0	0.0	0.0	0.0	0.0	0.0	0.0	1.0
1430158	0.0	11.0	7.0	10.0	0.0	11.0	9.0	10.0	12.0	0.0	1.0	0.0	0.0	0.0	0.0	0.0	14.0	0.0	8.0
1592604	4.0	33.0	8.0	18.0	2.0	8.0	0.0	7.0	19.0	0.0	0.0	0.0	1.0	6.0	8.0	0.0	22.0	0.0	13.0
1592605	0.0	21.0	10.0	4.0	0.0	14.0	0.0	0.0	14.0	0.0	0.0	1.0	0.0	0.0	0.0	0.0	3.0	0.0	13.0
1592606	0.0	12.0	4.0	4.0	0.0	5.0	0.0	0.0	9.0	0.0	0.0	0.0	0.0	0.0	0.0	0.0	5.0	1.0	4.0
1592607	0.0	41.0	8.0	31.0	0.0	13.0	5.0	7.0	40.0	0.0	0.0	0.0	0.0	0.0	2.0	0.0	8.0	0.0	9.0
1592608	0.0	18.0	5.0	13.0	0.0	10.0	6.0	4.0	20.0	0.0	0.0	0.0	0.0	0.0	0.0	0.0	4.0	0.0	7.0
1592609	0.0	29.0	6.0	7.0	0.0	5.0	0.0	1.0	13.0	0.0	0.0	0.0	0.0	0.0	0.0	0.0	11.0	0.0	3.0
1592610	0.0	22.0	6.0	8.0	0.0	6.0	2.0	6.0	8.0	0.0	1.0	0.0	0.0	0.0	0.0	0.0	2.0	0.0	3.0
1592611	0.0	15.0	4.0	0.0	0.0	3.0	0.0	0.0	10.0	0.0	0.0	0.0	0.0	0.0	0.0	0.0	1.0	0.0	2.0
1592612	0.0	29.0	9.0	0.0	0.0	11.0	0.0	0.0	8.0	0.0	0.0	0.0	0.0	0.0	0.0	0.0	11.0	0.0	0.0
1592613	0.0	56.0	13.0	3.0	0.0	14.0	3.0	8.0	28.0	0.0	0.0	0.0	0.0	14.0	0.0	0.0	5.0	0.0	9.0
1592614	1.0	11.0	7.0	7.0	0.0	6.0	0.0	2.0	10.0	0.0	0.0	0.0	1.0	0.0	0.0	0.0	7.0	3.0	4.0
1592615	0.0	59.0	53.0	20.0	0.0	26.0	0.0	32.0	67.0	0.0	0.0	0.0	0.0	0.0	0.0	0.0	0.0	4.0	16.0
1592616	0.0	16.0	10.0	0.0	0.0	0.0	0.0	0.0	18.0	0.0	0.0	0.0	0.0	0.0	0.0	0.0	0.0	0.0	0.0
1619105	0.0	2.0	1.0	0.0	0.0	1.0	0.0	0.0	2.0	0.0	0.0	0.0	0.0	0.0	0.0	0.0	2.0	1.0	0.0
1619106	0.0	4.0	2.0	6.0	0.0	2.0	1.0	1.0	11.0	0.0	0.0	0.0	0.0	1.0	0.0	0.0	5.0	0.0	3.0
1619107	0.0	5.0	2.0	4.0	0.0	5.0	3.0	1.0	6.0	0.0	1.0	0.0	0.0	1.0	0.0	0.0	4.0	0.0	5.0
1619108	0.0	4.0	3.0	1.0	0.0	3.0	0.0	1.0	5.0	0.0	0.0	0.0	0.0	3.0	0.0	0.0	7.0	0.0	2.0
1619109	0.0	4.0	1.0	1.0	0.0	3.0	0.0	4.0	2.0	0.0	0.0	1.0	0.0	0.0	0.0	0.0	5.0	0.0	2.0
1619110	1.0	3.0	4.0	2.0	0.0	3.0	1.0	2.0	3.0	0.0	0.0	1.0	0.0	1.0	0.0	0.0	1.0	0.0	2.0
1635481	0.0	1.0	1.0	2.0	0.0	1.0	1.0	0.0	1.0	0.0	0.0	0.0	0.0	3.0	0.0	0.0	6.0	0.0	1.0
1635482	0.0	25.0	13.0	11.0	1.0	22.0	8.0	5.0	20.0	0.0	0.0	2.0	0.0	6.0	2.0	0.0	20.0	0.0	16.0
1654858	0.0	26.0	16.0	13.0	0.0	21.0	9.0	5.0	21.0	0.0	0.0	0.0	0.0	1.0	0.0	0.0	16.0	1.0	15.0
1654859	0.0	28.0	10.0	16.0	0.0	14.0	2.0	5.0	18.0	0.0	0.0	3.0	0.0	0.0	1.0	0.0	20.0	0.0	9.0
1654860	0.0	12.0	4.0	2.0	0.0	6.0	2.0	2.0	12.0	0.0	0.0	0.0	0.0	0.0	0.0	0.0	10.0	0.0	4.0
1662247	0.0	0.0	0.0	0.0	0.0	0.0	0.0	0.0	1.0	0.0	0.0	0.0	0.0	0.0	0.0	0.0	0.0	0.0	0.0
1662248	0.0	22.0	9.0	13.0	0.0	9.0	2.0	10.0	26.0	0.0	0.0	0.0	0.0	5.0	0.0	0.0	4.0	0.0	8.0
1662249	0.0	30.0	8.0	20.0	0.0	8.0	0.0	0.0	12.0	0.0	0.0	0.0	2.0	10.0	3.0	0.0	9.0	0.0	1.0
1662250	0.0	6.0	3.0	0.0	0.0	0.0	0.0	0.0	0.0	0.0	0.0	0.0	0.0	0.0	0.0	0.0	0.0	1.0	0.0
1794728	0.0	10.0	3.0	4.0	0.0	2.0	0.0	2.0	11.0	0.0	0.0	0.0	0.0	1.0	1.0	0.0	6.0	0.0	4.0
1794729	0.0	9.0	5.0	3.0	0.0	5.0	0.0	0.0	11.0	0.0	0.0	0.0	0.0	0.0	0.0	0.0	5.0	0.0	4.0
1794730	0.0	29.0	6.0	7.0	0.0	8.0	1.0	0.0	14.0	0.0	0.0	0.0	0.0	0.0	1.0	0.0	9.0	0.0	7.0
1794731	0.0	15.0	5.0	3.0	0.0	4.0	1.0	3.0	5.0	0.0	0.0	0.0	0.0	0.0	0.0	0.0	3.0	0.0	2.0
1794732	2.0	13.0	9.0	6.0	1.0	8.0	4.0	3.0	14.0	1.0	0.0	2.0	0.0	0.0	7.0	3.0	3.0	0.0	12.0
1794733	3.0	16.0	16.0	10.0	1.0	12.0	0.0	0.0	28.0	0.0	0.0	0.0	0.0	0.0	2.0	3.0	19.0	1.0	12.0
1794734	0.0	8.0	8.0	5.0	0.0	5.0	1.0	3.0	17.0	0.0	0.0	0.0	0.0	0.0	0.0	0.0	9.0	0.0	5.0
1794735	0.0	5.0	3.0	5.0	0.0	4.0	0.0	4.0	14.0	0.0	0.0	0.0	0.0	1.0	0.0	0.0	10.0	0.0	8.0
1794736	0.0	12.0	10.0	8.0	0.0	8.0	3.0	7.0	17.0	0.0	0.0	0.0	1.0	0.0	9.0	0.0	14.0	0.0	7.0
1794737	0.0	13.0	5.0	1.0	0.0	10.0	0.0	0.0	18.0	0.0	0.0	0.0	0.0	1.0	0.0	0.0	20.0	0.0	7.0
1794738	0.0	3.0	3.0	3.0	0.0	3.0	1.0	1.0	9.0	0.0	0.0	0.0	1.0	0.0	0.0	0.0	1.0	0.0	3.0
1802414	0.0	52.0	94.0	74.0	2.0	8.0	11.0	24.0	78.0	0.0	0.0	0.0	0.0	0.0	0.0	0.0	1.0	0.0	0.0
1802415	0.0	1.0	1.0	0.0	0.0	1.0	0.0	0.0	1.0	0.0	0.0	0.0	0.0	0.0	0.0	0.0	0.0	0.0	1.0
1802416	0.0	4.0	6.0	1.0	0.0	1.0	0.0	0.0	4.0	0.0	0.0	0.0	0.0	1.0	0.0	0.0	1.0	0.0	2.0
1802417	0.0	14.0	15.0	1.0	0.0	12.0	4.0	6.0	12.0	0.0	0.0	0.0	1.0	0.0	0.0	0.0	6.0	0.0	15.0
1802418	0.0	17.0	14.0	10.0	0.0	19.0	9.0	5.0	15.0	0.0	0.0	0.0	3.0	5.0	0.0	1.0	21.0	0.0	18.0
1802419	0.0	4.0	5.0	2.0	0.0	4.0	1.0	3.0	5.0	0.0	0.0	0.0	0.0	0.0	2.0	0.0	7.0	0.0	2.0
1802420	0.0	6.0	3.0	0.0	0.0	3.0	3.0	1.0	6.0	0.0	0.0	0.0	0.0	1.0	0.0	0.0	6.0	0.0	4.0
1802421	0.0	12.0	10.0	6.0	0.0	10.0	0.0	0.0	10.0	0.0	0.0	0.0	0.0	4.0	1.0	0.0	17.0	0.0	9.0
1802422	0.0	6.0	5.0	0.0	0.0	8.0	0.0	0.0	7.0	0.0	0.0	0.0	0.0	1.0	0.0	0.0	5.0	0.0	7.0
1802423	0.0	10.0	8.0	6.0	0.0	9.0	0.0	3.0	14.0	0.0	0.0	0.0	0.0	1.0	0.0	0.0	10.0	0.0	7.0
1802424	0.0	6.0	3.0	2.0	0.0	5.0	0.0	1.0	8.0	0.0	0.0	0.0	0.0	1.0	1.0	0.0	8.0	0.0	3.0
1802425	0.0	7.0	5.0	0.0	0.0	5.0	0.0	0.0	5.0	0.0	0.0	0.0	1.0	3.0	0.0	0.0	10.0	0.0	4.0
1802426	0.0	0.0	0.0	0.0	0.0	1.0	0.0	0.0	0.0	0.0	0.0	0.0	0.0	1.0	0.0	0.0	3.0	0.0	0.0
1802427	13.0	26.0	15.0	26.0	16.0	22.0	6.0	5.0	36.0	9.0	0.0	4.0	0.0	17.0	3.0	16.0	23.0	16.0	26.0
1802428	0.0	9.0	4.0	12.0	0.0	9.0	1.0	0.0	8.0	0.0	0.0	0.0	1.0	3.0	0.0	0.0	13.0	0.0	6.0
1802429	0.0	0.0	0.0	0.0	0.0	0.0	0.0	0.0	0.0	0.0	0.0	0.0	0.0	0.0	0.0	0.0	1.0	0.0	0.0
1803700	0.0	30.0	6.0	18.0	0.0	21.0	1.0	6.0	29.0	0.0	0.0	1.0	3.0	6.0	0.0	0.0	17.0	0.0	5.0
1806625	0.0	6.0	2.0	0.0	0.0	0.0	0.0	0.0	1.0	0.0	0.0	0.0	0.0	0.0	0.0	0.0	3.0	0.0	0.0
1806626	0.0	23.0	4.0	7.0	0.0	7.0	0.0	2.0	7.0	0.0	0.0	0.0	0.0	2.0	0.0	0.0	12.0	0.0	6.0
1806627	0.0	11.0	1.0	1.0	0.0	1.0	0.0	1.0	1.0	0.0	0.0	0.0	0.0	0.0	1.0	0.0	2.0	0.0	1.0
1806628	0.0	11.0	3.0	3.0	0.0	2.0	0.0	2.0	4.0	0.0	0.0	0.0	0.0	0.0	0.0	0.0	3.0	0.0	0.0
1806629	0.0	8.0	6.0	5.0	0.0	5.0	0.0	6.0	8.0	0.0	0.0	0.0	0.0	1.0	0.0	0.0	4.0	0.0	3.0
1806630	0.0	11.0	9.0	4.0	0.0	4.0	0.0	0.0	13.0	0.0	0.0	0.0	0.0	1.0	0.0	0.0	4.0	0.0	4.0
1806631	0.0	10.0	6.0	4.0	0.0	9.0	0.0	0.0	10.0	0.0	0.0	0.0	0.0	0.0	0.0	0.0	8.0	0.0	5.0
1806632	0.0	50.0	30.0	28.0	0.0	35.0	9.0	24.0	61.0	0.0	0.0	0.0	3.0	19.0	0.0	0.0	34.0	0.0	20.0
1806633	0.0	19.0	6.0	5.0	0.0	10.0	2.0	10.0	22.0	0.0	0.0	0.0	1.0	4.0	1.0	0.0	10.0	0.0	5.0
1807483	0.0	9.0	4.0	1.0	0.0	6.0	2.0	5.0	11.0	0.0	0.0	0.0	0.0	9.0	0.0	0.0	4.0	0.0	7.0
1807484	0.0	9.0	7.0	3.0	0.0	8.0	2.0	4.0	11.0	0.0	0.0	0.0	0.0	5.0	2.0	0.0	5.0	0.0	6.0
1807485	0.0	10.0	6.0	3.0	0.0	3.0	2.0	2.0	16.0	0.0	0.0	0.0	3.0	11.0	0.0	0.0	13.0	0.0	4.0
1807486	0.0	10.0	0.0	4.0	0.0	6.0	0.0	1.0	11.0	0.0	0.0	0.0	0.0	2.0	0.0	0.0	6.0	0.0	2.0
1807487	0.0	11.0	4.0	1.0	1.0	6.0	0.0	0.0	5.0	0.0	0.0	0.0	0.0	2.0	0.0	0.0	11.0	0.0	4.0
1807488	0.0	20.0	18.0	7.0	0.0	10.0	4.0	3.0	18.0	0.0	0.0	1.0	0.0	3.0	1.0	0.0	19.0	1.0	9.0
1807489	0.0	8.0	4.0	4.0	0.0	5.0	3.0	3.0	5.0	0.0	0.0	0.0	0.0	2.0	0.0	0.0	11.0	0.0	4.0
1807490	0.0	1.0	1.0	1.0	0.0	2.0	0.0	0.0	1.0	0.0	0.0	0.0	0.0	0.0	0.0	0.0	1.0	0.0	1.0
1807491	5.0	18.0	11.0	8.0	2.0	6.0	2.0	0.0	15.0	4.0	0.0	0.0	0.0	10.0	4.0	4.0	23.0	5.0	4.0
1807492	0.0	6.0	5.0	6.0	0.0	6.0	3.0	5.0	7.0	0.0	0.0	0.0	3.0	3.0	0.0	0.0	7.0	0.0	5.0
1807493	0.0	9.0	5.0	7.0	0.0	8.0	4.0	8.0	6.0	0.0	0.0	0.0	0.0	1.0	0.0	1.0	14.0	0.0	6.0
1842121	0.0	12.0	13.0	11.0	0.0	10.0	2.0	2.0	12.0	0.0	0.0	0.0	0.0	2.0	0.0	0.0	13.0	0.0	10.0
1842122	0.0	9.0	2.0	7.0	0.0	8.0	2.0	3.0	11.0	0.0	0.0	0.0	1.0	3.0	1.0	0.0	4.0	0.0	6.0
1842123	0.0	4.0	0.0	5.0	0.0	4.0	1.0	1.0	4.0	0.0	0.0	1.0	0.0	4.0	0.0	0.0	7.0	0.0	5.0
1842124	1.0	8.0	1.0	3.0	1.0	6.0	3.0	1.0	5.0	1.0	0.0	0.0	0.0	1.0	1.0	1.0	5.0	0.0	3.0
1842125	0.0	7.0	3.0	2.0	0.0	5.0	0.0	1.0	6.0	0.0	0.0	0.0	0.0	0.0	0.0	0.0	6.0	0.0	5.0
1842126	0.0	13.0	4.0	5.0	0.0	5.0	3.0	0.0	12.0	0.0	0.0	0.0	0.0	0.0	0.0	0.0	3.0	0.0	3.0
1842127	0.0	5.0	0.0	0.0	0.0	0.0	0.0	0.0	9.0	0.0	0.0	0.0	0.0	0.0	0.0	0.0	0.0	0.0	0.0
1847182	0.0	2.0	1.0	0.0	0.0	0.0	0.0	1.0	3.0	0.0	0.0	0.0	0.0	0.0	0.0	0.0	5.0	0.0	0.0
1847183	0.0	2.0	6.0	1.0	0.0	3.0	0.0	0.0	1.0	0.0	0.0	0.0	0.0	0.0	0.0	0.0	6.0	0.0	3.0
1847184	0.0	6.0	6.0	0.0	0.0	0.0	0.0	0.0	5.0	0.0	0.0	0.0	0.0	2.0	0.0	0.0	12.0	0.0	0.0
1847185	0.0	3.0	4.0	1.0	0.0	2.0	0.0	0.0	2.0	0.0	0.0	0.0	0.0	2.0	1.0	0.0	10.0	0.0	2.0
1847186	0.0	12.0	7.0	7.0	0.0	10.0	5.0	8.0	10.0	0.0	0.0	0.0	0.0	1.0	0.0	0.0	5.0	0.0	12.0
1847187	0.0	0.0	0.0	1.0	0.0	2.0	0.0	0.0	0.0	0.0	0.0	0.0	0.0	0.0	0.0	0.0	3.0	0.0	0.0
1847188	0.0	16.0	7.0	9.0	0.0	18.0	3.0	4.0	15.0	0.0	0.0	1.0	0.0	2.0	0.0	0.0	11.0	0.0	12.0
1847189	0.0	1.0	3.0	1.0	0.0	0.0	0.0	1.0	3.0	0.0	0.0	0.0	0.0	1.0	0.0	0.0	5.0	0.0	1.0
1847190	0.0	2.0	2.0	0.0	0.0	1.0	1.0	3.0	1.0	0.0	0.0	0.0	0.0	0.0	0.0	0.0	5.0	0.0	0.0
1847191	0.0	6.0	6.0	3.0	0.0	2.0	1.0	2.0	8.0	0.0	0.0	0.0	0.0	9.0	0.0	0.0	6.0	0.0	2.0
1847192	0.0	37.0	32.0	32.0	11.0	13.0	0.0	13.0	30.0	0.0	0.0	0.0	0.0	0.0	0.0	0.0	0.0	2.0	0.0
1851583	0.0	1.0	1.0	1.0	0.0	1.0	1.0	1.0	1.0	0.0	0.0	0.0	0.0	0.0	0.0	0.0	6.0	0.0	2.0
1851584	10.0	11.0	5.0	19.0	11.0	6.0	5.0	5.0	14.0	6.0	0.0	0.0	1.0	0.0	14.0	0.0	13.0	0.0	7.0
1851585	3.0	13.0	6.0	7.0	2.0	10.0	8.0	7.0	12.0	3.0	1.0	0.0	0.0	2.0	0.0	1.0	20.0	2.0	7.0
1851586	0.0	3.0	2.0	1.0	0.0	4.0	0.0	0.0	4.0	0.0	0.0	0.0	0.0	1.0	0.0	0.0	4.0	0.0	2.0
1851587	0.0	12.0	9.0	11.0	0.0	12.0	9.0	3.0	16.0	0.0	4.0	0.0	1.0	0.0	0.0	0.0	14.0	0.0	11.0
1851588	0.0	3.0	1.0	3.0	0.0	3.0	3.0	1.0	4.0	0.0	0.0	0.0	0.0	0.0	0.0	0.0	3.0	0.0	3.0
1851589	0.0	6.0	1.0	3.0	0.0	7.0	2.0	0.0	5.0	0.0	0.0	0.0	0.0	0.0	0.0	0.0	3.0	0.0	4.0
1851590	0.0	2.0	5.0	4.0	0.0	0.0	0.0	1.0	3.0	0.0	0.0	0.0	0.0	0.0	0.0	0.0	6.0	0.0	1.0
1851591	0.0	12.0	12.0	16.0	0.0	16.0	5.0	5.0	12.0	0.0	2.0	0.0	0.0	0.0	0.0	0.0	8.0	0.0	13.0
1851592	7.0	7.0	9.0	8.0	3.0	3.0	0.0	2.0	6.0	2.0	1.0	0.0	0.0	0.0	2.0	0.0	9.0	0.0	3.0
1851593	0.0	10.0	14.0	10.0	0.0	10.0	0.0	5.0	12.0	0.0	0.0	0.0	0.0	1.0	1.0	0.0	10.0	0.0	10.0
1851594	0.0	4.0	7.0	1.0	0.0	6.0	0.0	2.0	4.0	0.0	0.0	0.0	0.0	0.0	0.0	0.0	5.0	0.0	1.0
1851595	0.0	13.0	14.0	10.0	0.0	7.0	0.0	2.0	9.0	0.0	0.0	0.0	0.0	0.0	0.0	0.0	8.0	0.0	6.0
1851596	0.0	9.0	11.0	10.0	0.0	9.0	7.0	4.0	11.0	0.0	4.0	0.0	0.0	1.0	3.0	0.0	11.0	0.0	7.0
1851597	0.0	2.0	3.0	1.0	0.0	2.0	0.0	1.0	1.0	0.0	0.0	0.0	0.0	0.0	0.0	0.0	4.0	0.0	1.0
1851598	0.0	19.0	15.0	16.0	0.0	16.0	5.0	6.0	16.0	0.0	0.0	4.0	0.0	0.0	0.0	0.0	14.0	0.0	11.0
1851599	0.0	14.0	14.0	11.0	0.0	16.0	0.0	5.0	13.0	0.0	0.0	0.0	0.0	1.0	0.0	0.0	24.0	0.0	10.0
1851600	0.0	1.0	2.0	2.0	0.0	1.0	2.0	0.0	1.0	0.0	0.0	0.0	0.0	0.0	0.0	0.0	0.0	0.0	2.0
1851601	1.0	1.0	0.0	3.0	0.0	0.0	1.0	0.0	0.0	0.0	0.0	0.0	0.0	0.0	0.0	0.0	2.0	0.0	0.0
1851602	0.0	2.0	2.0	0.0	0.0	2.0	0.0	0.0	2.0	0.0	0.0	0.0	0.0	0.0	0.0	0.0	3.0	0.0	2.0
1851603	0.0	1.0	1.0	0.0	0.0	0.0	0.0	1.0	1.0	0.0	0.0	1.0	0.0	0.0	0.0	0.0	2.0	0.0	2.0
1851604	0.0	2.0	2.0	2.0	0.0	2.0	0.0	0.0	2.0	0.0	0.0	0.0	0.0	0.0	0.0	0.0	3.0	0.0	1.0
1851605	0.0	20.0	15.0	24.0	0.0	24.0	2.0	7.0	16.0	0.0	0.0	0.0	0.0	0.0	0.0	0.0	12.0	0.0	14.0
1851606	0.0	11.0	12.0	8.0	0.0	7.0	3.0	5.0	7.0	0.0	0.0	0.0	0.0	1.0	0.0	1.0	17.0	0.0	9.0
1853827	0.0	7.0	5.0	3.0	0.0	4.0	0.0	1.0	9.0	0.0	0.0	0.0	0.0	0.0	1.0	0.0	6.0	0.0	4.0
1853828	0.0	5.0	4.0	0.0	0.0	1.0	2.0	2.0	13.0	0.0	0.0	0.0	0.0	0.0	0.0	0.0	9.0	0.0	1.0
1853829	0.0	5.0	6.0	3.0	0.0	2.0	0.0	0.0	8.0	0.0	0.0	0.0	0.0	1.0	0.0	0.0	8.0	0.0	2.0
1853830	0.0	20.0	7.0	12.0	0.0	11.0	8.0	9.0	29.0	0.0	1.0	0.0	0.0	0.0	0.0	0.0	17.0	0.0	13.0
1853831	0.0	0.0	0.0	0.0	0.0	1.0	2.0	0.0	0.0	0.0	0.0	0.0	0.0	0.0	1.0	0.0	1.0	0.0	3.0
1895945	0.0	5.0	0.0	3.0	0.0	3.0	1.0	0.0	3.0	0.0	0.0	0.0	0.0	0.0	0.0	0.0	4.0	0.0	3.0
1895946	0.0	11.0	0.0	6.0	0.0	4.0	0.0	0.0	9.0	0.0	0.0	0.0	0.0	0.0	0.0	0.0	7.0	0.0	3.0
1902524	0.0	38.0	39.0	26.0	1.0	34.0	0.0	23.0	44.0	0.0	0.0	0.0	0.0	2.0	1.0	0.0	20.0	0.0	9.0
1902525	0.0	6.0	4.0	6.0	0.0	8.0	0.0	0.0	13.0	0.0	0.0	0.0	0.0	1.0	0.0	0.0	8.0	0.0	6.0
1902526	0.0	3.0	1.0	2.0	0.0	3.0	0.0	2.0	7.0	0.0	0.0	0.0	0.0	0.0	0.0	0.0	3.0	0.0	3.0
1902527	0.0	23.0	9.0	24.0	0.0	14.0	4.0	6.0	33.0	0.0	0.0	0.0	1.0	1.0	0.0	0.0	9.0	0.0	13.0
1902528	0.0	9.0	5.0	3.0	1.0	5.0	0.0	0.0	22.0	0.0	0.0	0.0	0.0	0.0	0.0	0.0	6.0	0.0	3.0
1902529	0.0	7.0	4.0	1.0	1.0	3.0	0.0	0.0	21.0	0.0	0.0	0.0	0.0	1.0	0.0	0.0	7.0	0.0	2.0
1902530	0.0	24.0	12.0	23.0	2.0	14.0	3.0	3.0	44.0	0.0	0.0	0.0	1.0	4.0	0.0	0.0	19.0	0.0	11.0
1902531	0.0	20.0	10.0	7.0	0.0	14.0	0.0	2.0	29.0	0.0	0.0	0.0	0.0	4.0	0.0	0.0	12.0	0.0	13.0
1902532	0.0	6.0	4.0	5.0	0.0	4.0	0.0	6.0	11.0	0.0	0.0	0.0	1.0	3.0	0.0	0.0	14.0	0.0	0.0
1902533	0.0	9.0	3.0	3.0	1.0	10.0	0.0	2.0	37.0	0.0	0.0	0.0	0.0	2.0	0.0	0.0	13.0	0.0	2.0
1902534	0.0	62.0	11.0	13.0	1.0	30.0	1.0	4.0	83.0	0.0	0.0	0.0	0.0	2.0	1.0	0.0	24.0	0.0	10.0
1902535	0.0	7.0	1.0	3.0	0.0	4.0	0.0	0.0	7.0	0.0	0.0	0.0	0.0	0.0	0.0	0.0	3.0	0.0	1.0
1911302	0.0	1.0	0.0	0.0	0.0	0.0	0.0	0.0	0.0	0.0	0.0	0.0	0.0	1.0	0.0	0.0	1.0	0.0	0.0
1911303	0.0	6.0	4.0	1.0	0.0	6.0	1.0	2.0	6.0	0.0	0.0	0.0	0.0	1.0	1.0	0.0	3.0	0.0	5.0
2019416	0.0	14.0	10.0	3.0	2.0	4.0	1.0	4.0	13.0	0.0	0.0	0.0	0.0	5.0	0.0	0.0	3.0	0.0	4.0
2019417	0.0	2.0	3.0	1.0	0.0	0.0	0.0	1.0	2.0	0.0	0.0	0.0	0.0	0.0	0.0	0.0	1.0	0.0	0.0
2019418	0.0	16.0	8.0	3.0	0.0	10.0	4.0	3.0	17.0	0.0	0.0	0.0	0.0	0.0	0.0	0.0	8.0	0.0	8.0
2019419	0.0	22.0	13.0	6.0	0.0	10.0	2.0	2.0	18.0	0.0	0.0	0.0	0.0	0.0	0.0	0.0	13.0	0.0	9.0
2019420	0.0	8.0	6.0	5.0	0.0	3.0	2.0	0.0	8.0	0.0	0.0	0.0	0.0	0.0	0.0	0.0	4.0	0.0	2.0
2019421	34.0	27.0	0.0	0.0	0.0	0.0	0.0	8.0	0.0	0.0	0.0	0.0	0.0	0.0	0.0	0.0	22.0	0.0	0.0
2029653	0.0	22.0	9.0	7.0	0.0	12.0	1.0	0.0	15.0	0.0	0.0	0.0	0.0	1.0	0.0	0.0	8.0	0.0	7.0
2029654	0.0	7.0	5.0	7.0	0.0	7.0	2.0	2.0	8.0	0.0	0.0	0.0	0.0	0.0	0.0	0.0	5.0	0.0	5.0
2029655	0.0	22.0	5.0	10.0	0.0	11.0	0.0	0.0	27.0	0.0	0.0	0.0	0.0	1.0	0.0	0.0	15.0	0.0	7.0
2029656	0.0	8.0	2.0	2.0	0.0	4.0	0.0	0.0	10.0	0.0	0.0	0.0	0.0	0.0	0.0	0.0	10.0	0.0	1.0
2029657	0.0	10.0	4.0	6.0	4.0	6.0	0.0	1.0	15.0	0.0	0.0	1.0	0.0	2.0	3.0	0.0	9.0	0.0	3.0
2082851	0.0	1.0	0.0	0.0	0.0	0.0	0.0	0.0	0.0	0.0	0.0	0.0	0.0	0.0	0.0	0.0	0.0	0.0	0.0
2082852	1.0	4.0	4.0	3.0	3.0	6.0	9.0	5.0	5.0	0.0	0.0	0.0	0.0	1.0	1.0	0.0	6.0	0.0	6.0
2082853	0.0	3.0	2.0	2.0	0.0	5.0	4.0	2.0	4.0	0.0	0.0	0.0	0.0	1.0	1.0	0.0	5.0	0.0	3.0
2098398	1.0	1.0	2.0	0.0	0.0	1.0	0.0	0.0	4.0	0.0	0.0	0.0	0.0	0.0	0.0	1.0	2.0	1.0	0.0
2098399	0.0	34.0	10.0	33.0	0.0	19.0	6.0	5.0	40.0	0.0	0.0	1.0	1.0	0.0	0.0	0.0	24.0	0.0	23.0
